   1.7379223303944827E-002   3.2353597807378571E-005
   3.6689231861399496E-002   1.3603770258438004E-004
   5.5998710648764799E-002   2.8677038730100214E-004
   7.5307178448672990E-002   4.4985247294037137E-004
   9.4614307199766989E-002   5.9001933633064921E-004
  0.11392004067560928        6.8075918939570926E-004
  0.13322469050106295        7.1092719868323662E-004
  0.15252891981694416        6.8662061384887319E-004
  0.17183360380700838        6.2701130152174466E-004
  0.19113955985672321        5.5404234061945260E-004
  0.21044724480728266        4.7984690002021192E-004
  0.22975603304346220        4.0274416092500132E-004
  0.24906435543564182        3.2060226813866586E-004
  0.26837214262794418        2.5713930306787281E-004
  0.28768026900093280        2.6994553099276219E-004
  0.30698887032581818        3.5883569247840882E-004
  0.32629631372964041        4.5898468895519900E-004
  0.34560147167925509        5.2510676499697810E-004
  0.36490468656361846        5.3751574364164795E-004
  0.38420695896496987        4.9761372895099022E-004
  0.40350961853360051        4.2868029560318496E-004
  0.42281393620363678        3.7601132191044984E-004
  0.44212063758699943        3.8280266350670667E-004
  0.46142867944448424        4.3890758394994400E-004
  0.48073573372019052        5.0113613846570777E-004
  0.50004187542642209        5.4452857573028947E-004
  0.51934842960990568        5.6868822499028186E-004
  0.53865620133436565        5.8515494050300106E-004
  0.55796340395550459        6.0095126127220273E-004
  0.57726798477053054        6.0884495293827157E-004
  0.59657019622990048        5.9272978396387988E-004
  0.61587133226469426        5.4053384102956700E-004
  0.63517307210072016        4.5331826713964821E-004
  0.65447687886045192        3.4835236172739198E-004
  0.67378343386023387        2.5870559898581095E-004
  0.69309128231120076        2.2175432379311467E-004
  0.71239799675265381        2.3673606487438712E-004
  0.73170383007578199        2.7231304690057201E-004
  0.75101016826565525        3.2379342445489111E-004
  0.77031786676005942        4.0277722390911813E-004
  0.78962518196056186        5.0440888542034883E-004
  0.80892994779353122        6.0488890697835628E-004
  0.82823233053567502        6.7758620020700309E-004
  0.84753355499375116        7.0486300782161609E-004
  0.86683524714209803        6.8322755291759236E-004
  0.88613887115883183        6.2351106041851230E-004
  0.90544520415766183        5.4610916607164572E-004
  0.92475317844140570        4.7130638891457237E-004
  0.94406034089017188        4.0873351795900164E-004
  0.96336657497441458        3.5738742559177300E-004
  0.98267311505966570        3.2177131399373395E-004
   1.0019809042767034        3.2399258876225097E-004
   1.0212886864871258        3.7773780979884881E-004
   1.0405942337245637        4.5918061970650996E-004
   1.0598973827924241        5.3199015019179301E-004
   1.0791991031475034        5.7221108501195157E-004
   1.0985008396520541        5.7423183463690226E-004
   1.1178040368720561        5.5082329080409444E-004
   1.1371096805164349        5.2753523684778291E-004
   1.1564174903943887        5.2659534795426342E-004
   1.1757251470444308        5.4832404762035340E-004
   1.1950316301670085        5.7473530174231456E-004
   1.2143379801262528        5.9056141787135251E-004
   1.2336453803961931        5.9508523477042139E-004
   1.2529533786720930        5.9857113175954446E-004
   1.2722595277534527        6.0924928275742530E-004
   1.2915631474437830        6.2271305364072663E-004
   1.3108650758006737        6.2520028048595880E-004
   1.3301667291605099        6.0607056358038711E-004
   1.3494696002347166        5.6705566054664897E-004
   1.3687747781491062        5.2273314416593337E-004
   1.3880823399739022        4.9108927314083959E-004
   1.4073903251711029        4.7865687070801284E-004
   1.4266972280054617        4.7749507687725465E-004
   1.4460037978106577        4.8130062887420400E-004
   1.4653111921037096        4.9924897538242065E-004
   1.4846193929347453        5.4775288405624974E-004
   1.5039261797214558        6.2707031010808914E-004
   1.5232305716342271        7.1535688662878330E-004
   1.5425332066052055        7.8498605168051316E-004
   1.5618353217531549        8.1720583850799361E-004
   1.5811382983861362        8.0758572479059135E-004
   1.6004432095999457        7.6506875146396466E-004
   1.6197504718161198        7.0652994527583386E-004
   1.6390589504756947        6.4878069257268166E-004
   1.6583667904941728        6.0241229483081653E-004
   1.6776740605412523        5.7252768218102952E-004
   1.6969817280312540        5.6425945586873383E-004
   1.7162902206943407        5.8285007540615245E-004
   1.7355979868251217        6.2573058022557745E-004
   1.7549036123250545        6.7945646399546374E-004
   1.7742073086335086        7.2795996629434871E-004
   1.7935099603369526        7.6231287764862209E-004
   1.8128127602503841        7.8400933656835447E-004
   1.8321168704561899        8.0085895503358650E-004
   1.8514231055210746        8.1865969538377434E-004
   1.8707312647648044        8.3551070893924187E-004
   1.8900394702323571        8.4412746217684190E-004
   1.9093468165536844        8.3936284006301846E-004
   1.9286541789049825        8.2389970997716322E-004
   1.9479624245727372        8.0788882101490893E-004
   1.9672705817791756        8.0292524560839182E-004
   1.9865767988573342        8.1476745766882568E-004
   2.0058808988767893        8.4091807272313162E-004
   2.0251836548904794        8.7408706782328308E-004
   2.0444862361524900        9.0639743353401606E-004
   2.0637898574019977        9.3080704003445608E-004
   2.0830954588607340        9.4106400815416335E-004
   2.1024032338246741        9.3286792417698677E-004
   2.1217115612045219        9.0699754910231200E-004
   2.1410189350132636        8.7257003751833721E-004
   2.1603259439271714        8.4713252452194791E-004
   2.1796336666553717        8.4975579019884050E-004
   2.1989418265594436        8.8839688565602092E-004
   2.2182482072761731        9.5365059367616054E-004
   2.2375520315570436        1.0265688449378487E-003
   2.2568540982250931        1.0903694534822245E-003
   2.2761559002169602        1.1359992818741390E-003
   2.2954590530058256        1.1614613292803817E-003
   2.3147646798196200        1.1682588375496418E-003
   2.3340725006189089        1.1583764070053168E-003
   2.3533802772948911        1.1341136539788587E-003
   2.3726871439402717        1.1003948359342743E-003
   2.3919941890388103        1.0666650346054039E-003
   2.4113022751186368        1.0452255806007451E-003
   2.4306100204896497        1.0454509944623439E-003
   2.4499155476545442        1.0683897485461065E-003
   2.4692190359556832        1.1075441047968383E-003
   2.4885216060557922        1.1546907599366801E-003
   2.5078246787848184        1.2041184700012858E-003
   2.5271294494586614        1.2523122230440923E-003
   2.5464364975401454        1.2955951750730408E-003
   2.5657450693156956        1.3294975900722634E-003
   2.5850534661304412        1.3507892213675686E-003
   2.6043615260975774        1.3599559500580790E-003
   2.6236700532251351        1.3615794937606282E-003
   2.6429787812689214        1.3621381489315899E-003
   2.6622861202730035        1.3669457753871499E-003
   2.6815916467646246        1.3783892920247352E-003
   2.7008959910663712        1.3961168453658305E-003
   2.7202001689610151        1.4180889295570555E-003
   2.7395051893756683        1.4413599777697858E-003
   2.7588117123277560        1.4626416965769099E-003
   2.7781198993174572        1.4791919491174378E-003
   2.7974292898960909        1.4898192003533260E-003
   2.8167392060683847        1.4954040163647510E-003
   2.8360491207382950        1.4988842088349563E-003
   2.8553586121665231        1.5050719366670048E-003
   2.8746671787358782        1.5201948902384328E-003
   2.8939747051503768        1.5500927427800392E-003
   2.9132813973855862        1.5969113121543366E-003
   2.9325876448971666        1.6564560861512399E-003
   2.9518938888453459        1.7188333805380311E-003
   2.9712005125911545        1.7727286627167965E-003
   2.9905077316790116        1.8103371684028281E-003
   3.0098155974810976        1.8297656598558587E-003
   3.0291239927179117        1.8340227414141773E-003
   3.0484326922879892        1.8281156919927289E-003
   3.0677414779475263        1.8167842333612408E-003
   3.0870502149574341        1.8045430652548810E-003
   3.1063588437397227        1.7970387209287357E-003
   3.1256673352974613        1.8010712358790474E-003
   3.1449756536848743        1.8218734336264328E-003
   3.1642837247511442        1.8595809582007479E-003
   3.1835914360641131        1.9085865259419472E-003
   3.2028987229548216        1.9609312529415466E-003
   3.2222056097328213        2.0107640473272250E-003
   3.2415122551166191        2.0562595920335840E-003
   3.2608189511491652        2.0981507824225643E-003
   3.2801260441253217        2.1369167452756576E-003
   3.2994338275306547        2.1713917483937627E-003
   3.3187424432422405        2.1998444025052456E-003
   3.3380518143524709        2.2220193005119825E-003
   3.3573616198410030        2.2398872451157414E-003
   3.3766713101038901        2.2562859057489448E-003
   3.3959803327750864        2.2727414920988343E-003
   3.4152883749646188        2.2886010217152762E-003
   3.4345953668660307        2.3023389167089463E-003
   3.4539015049044717        2.3138288519004117E-003
   3.4732072151286344        2.3255780778492609E-003
   3.4925130829188133        2.3419414845845653E-003
   3.5118196614675017        2.3671258061669300E-003
   3.5311273392216527        2.4034878684889003E-003
   3.5504362051098317        2.4511390400664269E-003
   3.5697459316787254        2.5081926916018038E-003
   3.5890560946257950        2.5710021248142407E-003
   3.6083660744405175        2.6342307840940544E-003
   3.6276753486602682        2.6913093038982887E-003
   3.6469833976856187        2.7358528562843373E-003
   3.6662901231597314        2.7638008020461984E-003
   3.6855957723711956        2.7755054932742632E-003
   3.7049009003435560        2.7765703620778034E-003
   3.7242062342191238        2.7765114248713561E-003
   3.7435124447638191        2.7852379391770259E-003
   3.7628199906364066        2.8086351476649123E-003
   3.7821289435734391        2.8460176717968384E-003
   3.8014386733718073        2.8912751822932387E-003
   3.8207486293823134        2.9369245924202496E-003
   3.8400586148200482        2.9780578488451531E-003
   3.8593681656246916        3.0139266128594100E-003
   3.8786763815253624        3.0469271004084095E-003
   3.8979828308625759        3.0804216683972098E-003
   3.9172877508175987        3.1171462048926418E-003
   3.9365918894145739        3.1588299938849099E-003
   3.9558962762498036        3.2062755167764816E-003
   3.9752018888053660        3.2590066817743449E-003
   3.9945093281109001        3.3145946421606963E-003
   4.0138182695048163        3.3686990874467800E-003
   4.0331275608144228        3.4163582750205254E-003
   4.0524367638324019        3.4539881205742384E-003
   4.0717463104749276        3.4808360324208782E-003
   4.0910556434167535        3.4990370128471864E-003
   4.1103634331993959        3.5123359670088659E-003
   4.1296693142004663        3.5246766047739393E-003
   4.1489737402646059        3.5394760346841238E-003
   4.1682775997076407        3.5599190679347736E-003
   4.1875819495035680        3.5895972982682802E-003
   4.2068877136244707        3.6321682996678273E-003
   4.2261953837877657        3.6897914445636528E-003
   4.2455043769681522        3.7612255622157410E-003
   4.2648132835145809        3.8412032652538090E-003
   4.2841219441008569        3.9216519759500681E-003
   4.3034310483430493        3.9939947718999899E-003
   4.3227401281852691        4.0515228088153984E-003
   4.3420475854644920        4.0908572485480015E-003
   4.3613529615684827        4.1124923461188677E-003
   4.3806568624502509        4.1206206356397008E-003
   4.3999604006681903        4.1225246395426287E-003
   4.4192648018603924        4.1274792341480888E-003
   4.4385709928175103        4.1447472359663140E-003
   4.4578790348636455        4.1807260890708584E-003
   4.4771858747892379        4.2363859871538366E-003
   4.4964904155763605        4.3067543290123888E-003
   4.5157923442091246        4.3829251583764675E-003
   4.5350914454225206        4.4555737162431507E-003
   4.5543875929939457        4.5180532371754132E-003
   4.5736807866165448        4.5678025398582381E-003
   4.5929707642283928        4.6061037943758310E-003
   4.6122576700001794        4.6368652797686583E-003
   4.6315419613404671        4.6653377806502713E-003
   4.6508240664051339        4.6972345587429007E-003
   4.6701043168425072        4.7376433816388765E-003
   4.6893828167279148        4.7892207834246839E-003
   4.7086594194265929        4.8507258192975432E-003
   4.7279339217559553        4.9168975218562110E-003
   4.7472057995809349        4.9803704564417520E-003
   4.7664744219950528        5.0348011531250536E-003
   4.7857392613806740        5.0774215943488491E-003
   4.8049999787764541        5.1095895187181582E-003
   4.8242565895384217        5.1356199096693686E-003
   4.8435094762825459        5.1610003337786816E-003
   4.8627593055943850        5.1910878678817938E-003
   4.8820068644603296        5.2303353066012782E-003
   4.9012528190411997        5.2814883149176189E-003
   4.9204975255662902        5.3444422024810046E-003
   4.9397409362381914        5.4158937832660412E-003
   4.9589826558940864        5.4903354683652527E-003
   4.9782221199298755        5.5621155514862086E-003
   4.9974587646826940        5.6272454012871809E-003
   5.0166921930129016        5.6840291931996309E-003
   5.0359222737164684        5.7325533132576477E-003
   5.0551491147059364        5.7737501473052177E-003
   5.0743730013489383        5.8089684927158259E-003
   5.0935942371261325        5.8402832674593888E-003
   5.1128130363045887        5.8709477302407928E-003
   5.1320294733408458        5.9051157748316362E-003
   5.1512434957947084        5.9464959192438299E-003
   5.1704549873727306        5.9969178379690024E-003
   5.1896637908404237        6.0557912493742899E-003
   5.2088698273001466        6.1206935329614033E-003
   5.2280731308826720        6.1884953509593514E-003
   5.2472738531353169        6.2564112159243460E-003
   5.2664721066086297        6.3223110655517088E-003
   5.2856679922994152        6.3841976725607799E-003
   5.3048617108454827        6.4400982867559948E-003
   5.3240533390072997        6.4886551763855401E-003
   5.3432427585240232        6.5301326683878565E-003
   5.3624296818640103        6.5671555880938400E-003
   5.3816137594049280        6.6041111579505166E-003
   5.4007947128251432        6.6453407950372023E-003
   5.4199723807923936        6.6934410562281606E-003
   5.4391467909109918        6.7489148359335845E-003
   5.4583181585647687        6.8107528835456678E-003
   5.4774867904167088        6.8771129159457458E-003
   5.4966529971795444        6.9456397896544633E-003
   5.5158170261840782        7.0133178000892239E-003
   5.5349790314336609        7.0765533305331453E-003
   5.5541390683510850        7.1321760998668436E-003
   5.5732970801873423        7.1789568014174535E-003
   5.5924529444986710        7.2184449959214886E-003
   5.6116065326514946        7.2544927511246820E-003
   5.6307577195654934        7.2915336707748014E-003
   5.6499063529753588        7.3329580741524096E-003
   5.6690522805912362        7.3806229255421818E-003
   5.6881954215320860        7.4353002881058228E-003
   5.7073358108555103        7.4971706580348255E-003
   5.7264735581231303        7.5659834585081196E-003
   5.7456088432940549        7.6404512014605751E-003
   5.7647418939544188        7.7175156913649587E-003
   5.7838729449688016        7.7926373595054105E-003
   5.8030021926454713        7.8610338744187717E-003
   5.8221297642303860        7.9192141956623240E-003
   5.8412556752737554        7.9660240163783955E-003
   5.8603798745161111        8.0026513494834469E-003
   5.8795021865455102        8.0319963021249774E-003
   5.8986223444693326        8.0581908514015047E-003
   5.9177400599674952        8.0863629848916783E-003
   5.9368551029194929        8.1222619227669240E-003
   5.9559673875492312        8.1712180687000448E-003
   5.9750769681382740        8.2362922129100083E-003
   5.9941840190979239        8.3163953712475456E-003
   6.0132887933874342        8.4057174742161178E-003
   6.0323915807757462        8.4952447573981849E-003
   6.0514926225995289        8.5755869294186268E-003
   6.0705920308547334        8.6402775735504294E-003
   6.0896897530916885        8.6877577523462469E-003
   6.1087856193670298        8.7212450271704645E-003
   6.1278794828981411        8.7473913220660251E-003
   6.1469712796126048        8.7745346645441771E-003
   6.1660610374462674        8.8107063913378542E-003
   6.1851488526150717        8.8617777039396873E-003
   6.2042348678698298        8.9299344828256497E-003
   6.2233191992113062        9.0121672166724124E-003
   6.2424018383945281        9.1000840765723644E-003
   6.2614826258471998        9.1821716500102152E-003
   6.2805611764582334        9.2477161670817768E-003
   6.2996365947894972        9.2910506639881981E-003
   6.3187084332224295        9.3141281180683360E-003
   6.3377765124009224        9.3260172220440071E-003
   6.3568407137938641        9.3397650481435984E-003
   6.3759012712445822        9.3680117179232077E-003
   6.3949586594580152        9.4192329623148611E-003
   6.4140130954011454        9.4960112752548141E-003
   6.4330646366012925        9.5948024109232307E-003
   6.4521134265698619        9.7068608994453267E-003
   6.4711593582781539        9.8199904708218145E-003
   6.4902021498890425        9.9210022480610751E-003
   6.5092411166288375        9.9987272715267653E-003
   6.5282754871121957        1.0046960380330120E-002
   6.5473049926904263        1.0066589174245069E-002
   6.5663295049629076        1.0065631388063257E-002
   6.5853490738558005        1.0057057083128939E-002
   6.6043639523947224        1.0055064952965270E-002
   6.6233744648605013        1.0071636340954237E-002
   6.6423808069597845        1.0114258858747950E-002
   6.6613825900834156        1.0185055806673502E-002
   6.6803798316103400        1.0280636690203243E-002
   6.6993724267941159        1.0392815236325761E-002
   6.7183601232936931        1.0510225022494765E-002
   6.7373427378568627        1.0620769574623230E-002
   6.7563200547657685        1.0714200452077327E-002
   6.7752918025774438        1.0784564112988181E-002
   6.7942578040372084        1.0831433660249308E-002
   6.8132180250753596        1.0859622639077955E-002
   6.8321725082579272        1.0877483218505318E-002
   6.8511213607946067        1.0894641713828907E-002
   6.8700647283179146        1.0919740035384371E-002
   6.8890027714507518        1.0958899810273549E-002
   6.9079356030712251        1.1014799147699697E-002
   6.9268633174424377        1.1086246788997669E-002
   6.9457853531187812        1.1168521584956409E-002
   6.9647013601700838        1.1254496058611741E-002
   6.9836112092049989        1.1336603513860217E-002
   7.0025147099505363        1.1408964894401680E-002
   7.0214116333876788        1.1469407997497391E-002
   7.0403017393223504        1.1519918696035825E-002
   7.0591848649884961        1.1565920859084674E-002
   7.0780609979100921        1.1614647343681497E-002
   7.0969303506325510        1.1672309949040402E-002
   7.1157932394607206        1.1742091344189269E-002
   7.1346497616804774        1.1823743554876896E-002
   7.1534998231596898        1.1913822501504742E-002
   7.1723436412536419        1.2006769448500446E-002
   7.1911813095842714        1.2095947848212553E-002
   7.2100127004655548        1.2174961780917046E-002
   7.2288375837386836        1.2239086870949930E-002
   7.2476556634371745        1.2286582487613686E-002
   7.2664666626342873        1.2319735855498346E-002
   7.2852703411330655        1.2344879311410003E-002
   7.3040666608580809        1.2370538476388589E-002
   7.3228557031506831        1.2405423977562564E-002
   7.3416375508540757        1.2456703591226545E-002
   7.3604124372798418        1.2528366519294740E-002
   7.3791806113103542        1.2620790093141461E-002
   7.3979422254188538        1.2730873903076109E-002
   7.4166973778198830        1.2852244890354069E-002
   7.4354460561066107        1.2976458408738421E-002
   7.4541882755422542        1.3094446075634507E-002
   7.4729236925335893        1.3198283808109097E-002
   7.4916518187521959        1.3282432508001069E-002
   7.5103726292960813        1.3344964273511681E-002
   7.5290861077256430        1.3388101538711509E-002
   7.5477920160392893        1.3417548570337187E-002
   7.5664899485906369        1.3441209185054254E-002
   7.5851798795522480        1.3467659999050554E-002
   7.6038617062376028        1.3505209619199187E-002
   7.6225353332162360        1.3560760881894828E-002
   7.6412007101933987        1.3638388617186711E-002
   7.6598578150615086        1.3738397075830949E-002
   7.6785067050391334        1.3857114266475025E-002
   7.6971475429157952        1.3987274853879673E-002
   7.7157805217823254        1.4119610245837182E-002
   7.7344057125413563        1.4244714138069518E-002
   7.7530231371731819        1.4355177494335070E-002
   7.7716327317997864        1.4446951104935365E-002
   7.7902344650506112        1.4519927886585109E-002
   7.8088282753121270        1.4577614926769808E-002
   7.8274140744284200        1.4626175557592640E-002
   7.8459918819290886        1.4673300289634613E-002
   7.8645618267773552        1.4726739463168393E-002
   7.8831240784192467        1.4792988824254637E-002
   7.9016789727369900        1.4875543302970428E-002
   7.9202268971551195        1.4974000293968002E-002
   7.9387681845154026        1.5084331997037631E-002
   7.9573031142273463        1.5200312246758170E-002
   7.9758316703296543        1.5315187569193978E-002
   7.9943536741582282        1.5423669201619599E-002
   8.0128691002409340        1.5523036362124751E-002
   8.0313772430294659        1.5613278178894094E-002
   8.0498754812291171        1.5696992812559190E-002
   8.0683637062778821        1.5778209460193322E-002
   8.0868422708861072        1.5861125738579663E-002
   8.1053117152680585        1.5949148479159403E-002
   8.1237724516555083        1.6044206440345453E-002
   8.1422247562560397        1.6146108616105437E-002
   8.1606686615584039        1.6252677111787961E-002
   8.1791040590969963        1.6360980676142653E-002
   8.1975305955407993        1.6467798094849540E-002
   8.2159479619946261        1.6570834621740811E-002
   8.2343559242119806        1.6669445732334559E-002
   8.2527544559540118        1.6764537770162388E-002
   8.2711438055325903        1.6857537647268314E-002
   8.2895244313103955        1.6949855341745371E-002
   8.3078969473495192        1.7042792307776042E-002
   8.3262620086857115        1.7137364572661927E-002
   8.3446203400205015        1.7234105302870614E-002
   8.3629725995176205        1.7333250670416685E-002
   8.3813193587502539        1.7434917309170146E-002
   8.3996611885833570        1.7539230085025236E-002
   8.4179983781956569        1.7646446555674156E-002
   8.4363265899712250        1.7756642045476414E-002
   8.4546437425243148        1.7869729499387824E-002
   8.4729498276189901        1.7984776576123671E-002
   8.4912448316867355        1.8099855211744748E-002
   8.5095289369114084        1.8212867463466505E-002
   8.5278025457004816        1.8321535361478784E-002
   8.5460661432628431        1.8423712615486629E-002
   8.5643200940781643        1.8518630463371585E-002
   8.5825646980210912        1.8607309600180866E-002
   8.6008002699229475        1.8692702751587530E-002
   8.6190270968667324        1.8778666118565591E-002
   8.6372455625888502        1.8869071003119867E-002
   8.6554561510655770        1.8966980395127040E-002
   8.6736594320006457        1.9073748179635409E-002
   8.6918560805459482        1.9188754631342425E-002
   8.7100469026289584        1.9309215101204386E-002
   8.7282313982692976        1.9430791210759937E-002
   8.7464092958284247        1.9548710013196385E-002
   8.7645809985043837        1.9658886447738985E-002
   8.7827429234142045        1.9759176638533965E-002
   8.8008937065236577        1.9849803660447751E-002
   8.8190335997464917        1.9933097364739822E-002
   8.8371629242511638        2.0013171466200717E-002
   8.8552819588218661        2.0094539282799924E-002
   8.8733909257889643        2.0180978499721492E-002
   8.8914901637916444        2.0275176851073995E-002
   8.9095799851066815        2.0377941259260918E-002
   8.9276605373802891        2.0487807260556653E-002
   8.9457319135755142        2.0601856004241071E-002
   8.9637942324722939        2.0716022180978285E-002
   8.9818477160946717        2.0826263090891761E-002
   8.9998927708169258        2.0929157561102179E-002
   9.0179300591734730        2.1022462436857077E-002
   9.0359603869815448        2.1105735907500131E-002
   9.0539846853332229        2.1180258394742319E-002
   9.0720038038671351        2.1248445713111196E-002
   9.0900166488053458        2.1313434788643417E-002
   9.1080198351336108        2.1378730358073448E-002
   9.1260123401382103        2.1447675846036834E-002
   9.1439943691065260        2.1522745620540941E-002
   9.1619660960986842        2.1605459173628449E-002
   9.1799276702712689        2.1696174898241508E-002
   9.1978792114696422        2.1793817531539049E-002
   9.2158208176122596        2.1896345473262184E-002
   9.2337527464398530        2.2000849097023597E-002
   9.2516753099944218        2.2103649636867964E-002
   9.2695884216357705        2.2200811041514744E-002
   9.2874923245884915        2.2288774131045644E-002
   9.3053873733692107        2.2364727836409307E-002
   9.3232739336296806        2.2427127940155542E-002
   9.3411523343969503        2.2475969811977057E-002
   9.3590229382102326        2.2513490692037411E-002
   9.3768861942397095        2.2544116754260605E-002
   9.3947426651174872        2.2573577185920270E-002
   9.4125931654860615        2.2608076568417824E-002
   9.4304385107903173        2.2652914048922165E-002
   9.4482756466891580        2.2711578269714577E-002
   9.4661025610304286        2.2785118237957938E-002
   9.4839193924234539        2.2871835239855365E-002
   9.5017263843655382        2.2967396359829820E-002
   9.5195237449980734        2.3065408582631466E-002
   9.5373115995268751        2.3158441159046490E-002
   9.5550901848743468        2.3239621364134485E-002
   9.5728597699356897        2.3303516697935206E-002
   9.5906205896779664        2.3347887427461602E-002
   9.6083726853958566        2.3373691896778685E-002
   9.6261160739651803        2.3385436715820843E-002
   9.6438507989656710        2.3390001057620693E-002
   9.6615769370253304        2.3395192126284076E-002
   9.6792946146204564        2.3407860666479138E-002
   9.6970040707955310        2.3432626844691128E-002
   9.7147055084281337        2.3471121274734903E-002
   9.7323993265048330        2.3522029097086443E-002
   9.7500860711433113        2.3581567656484396E-002
   9.7677663175120415        2.3644270160464189E-002
   9.7854406357745027        2.3703986124147425E-002
   9.8031095727875179        2.3755306621207319E-002
   9.8207735855628773        2.3794543955806886E-002
   9.8384327075955138        2.3820871898733137E-002
   9.8560842631139085        2.3836478459136619E-002
   9.8737275490216661        2.3845691289780802E-002
   9.8913625057613483        2.3853760392046935E-002
   9.9089891591761123        2.3865320556178887E-002
   9.9266075832278116        2.3883339843296363E-002
   9.9442181028991623        2.3908312558384798E-002
   9.9618211299906125        2.3938642882990781E-002
   9.9794169907668451        2.3971121166708804E-002
   9.9970059866950187        2.4001655388851417E-002
   10.014588496796231        2.4026111544813412E-002
   10.032164776795250        2.4040891308059864E-002
   10.049734904178052        2.4044477297689403E-002
   10.067298792675563        2.4037857577086468E-002
   10.084855876904498        2.4024130736096577E-002
   10.102405836447003        2.4007924757773743E-002
   10.119948458584508        2.3994699073693625E-002
   10.137483619729267        2.3989537339567102E-002
   10.155011453211264        2.3995590482069385E-002
   10.172532287355040        2.4013301687304256E-002
   10.190046498380054        2.4040769375440169E-002
   10.207554607344864        2.4073850194471898E-002
   10.225057129496321        2.4106830035140504E-002
   10.242554380117520        2.4133872314331620E-002
   10.260046547171436        2.4150124781613571E-002
   10.277533734583983        2.4152666358143393E-002
   10.295016029887099        2.4140996185403902E-002
   10.312493444890068        2.4117085077859649E-002
   10.329965973104560        2.4084659714476694E-002
   10.347433622340919        2.4048623882172687E-002
   10.364896395496249        2.4013908130072172E-002
   10.382354361538209        2.3984596764943123E-002
   10.399807206319830        2.3963484631832229E-002
   10.417254355128090        2.3951680082134330E-002
   10.434696145198345        2.3948835923754401E-002
   10.452132929486369        2.3953606732019246E-002
   10.469565101068911        2.3963430421028210E-002
   10.486992550677638        2.3975045688914929E-002
   10.504414609659833        2.3985282911284808E-002
   10.521831538025111        2.3991466909333504E-002
   10.539243645253270        2.3991450431262218E-002
   10.556651257503662        2.3983691639603427E-002
   10.574054546156953        2.3967655567397678E-002
   10.591453607009987        2.3943773141135213E-002
   10.608848457461425        2.3913575200803470E-002
   10.626238964569053        2.3879181090062124E-002
   10.643624845189176        2.3843074219584960E-002
   10.661005804494080        2.3808323390423745E-002
   10.678381292530363        2.3777833458806373E-002
   10.695750697549986        2.3754109263722609E-002
   10.713114154227251        2.3738782273537561E-002
   10.730472045855397        2.3731550188870396E-002
   10.747824918647625        2.3729899173457941E-002
   10.765173339961676        2.3730148733123967E-002
   10.782517939165912        2.3728384722867413E-002
   10.799859320961163        2.3721163722565275E-002
   10.817197986108754        2.3706202604791522E-002
   10.834534062405011        2.3682895721281804E-002
   10.851867469991417        2.3652409040260114E-002
   10.869197666974449        2.3617615296033224E-002
   10.886523769533476        2.3582477002349375E-002
   10.903845492786340        2.3550689982995480E-002
   10.921162610895990        2.3525194059913459E-002
   10.938474985899969        2.3507709379220015E-002
   10.955782608661156        2.3497940389182678E-002
   10.973085617166765        2.3494182567301548E-002
   10.990384388148135        2.3493548943565881E-002
   11.007679437792156        2.3492009400917301E-002
   11.024971322745277        2.3485574520935689E-002
   11.042259884623494        2.3471613312241391E-002
   11.059545038721570        2.3448901942316722E-002
   11.076827157366909        2.3417881532246072E-002
   11.094106484232080        2.3380758167603169E-002
   11.111383208589400        2.3340928276281449E-002
   11.128657411595453        2.3302628613993875E-002
   11.145929050408290        2.3269958737644900E-002
   11.163198115584036        2.3245735605301337E-002
   11.180464336582860        2.3231271309606658E-002
   11.197726650371875        2.3226436782414484E-002
   11.214984918997748        2.3229354662812816E-002
   11.232239350742161        2.3236638110627917E-002
   11.249490245839572        2.3244157551771363E-002
   11.266738136336603        2.3248028067366040E-002
   11.283983600717281        2.3244719096056944E-002
   11.301227173468693        2.3232145591190110E-002
   11.318468695791237        2.3210348600236481E-002
   11.335707404879292        2.3181015275926715E-002
   11.352943428099724        2.3147283524492662E-002
   11.370176869618213        2.3113569179152312E-002
   11.387407697380500        2.3084506679639311E-002
   11.404635922479743        2.3063578721109378E-002
   11.421861804574316        2.3052441563608920E-002
   11.439084971228732        2.3050693053329817E-002
   11.456305029744675        2.3055693640443405E-002
   11.473522556645845        2.3063192037617135E-002
   11.490738063057931        2.3068615326743442E-002
   11.507952088604004        2.3068330457589097E-002
   11.525165219005927        2.3059873907301146E-002
   11.542377621533877        2.3042694641143849E-002
   11.559588217677204        2.3018781940585088E-002
   11.576796596877088        2.2991872851286312E-002
   11.594002713623047        2.2966555756880242E-002
   11.611206494416590        2.2947260728686081E-002
   11.628407912047267        2.2937696243521641E-002
   11.645607218760647        2.2939862812072328E-002
   11.662804085593811        2.2953136794817416E-002
   11.679998018519651        2.2974647668695246E-002
   11.697189753396641        2.2999642518436055E-002
   11.714380142412697        2.3022371592013927E-002
   11.731569889503685        2.3037013344673497E-002
   11.748759430808187        2.3038976023175960E-002
   11.765947916078147        2.3026327114771122E-002
   11.783134954953974        2.2999790348385504E-002
   11.800320449493706        2.2962654070217556E-002
   11.817504089316010        2.2920729666127872E-002
   11.834685650115322        2.2880904393504264E-002
   11.851864876758405        2.2849735164335038E-002
   11.869040769947013        2.2832114695271050E-002
   11.886213217120288        2.2831200555760888E-002
   11.903382776221509        2.2847772679946976E-002
   11.920550224070547        2.2879580661554762E-002
   11.937716461406026        2.2921292976574498E-002
   11.954882115256643        2.2966583229186571E-002
   11.972046744829340        2.3008989927906353E-002
   11.989210879826377        2.3042672925632602E-002
   12.006374862734093        2.3063368102647860E-002
   12.023538835191676        2.3068254565716078E-002
   12.040702678000326        2.3057031363273289E-002
   12.057865040357182        2.3032059803076172E-002
   12.075025015728025        2.2997555760004035E-002
   12.092182176366869        2.2959032115144919E-002
   12.109336538884637        2.2922499970912873E-002
   12.126488306237000        2.2893746978766259E-002
   12.143637425726039        2.2877326331081676E-002
   12.160783342577250        2.2875213475397255E-002
   12.177926770476800        2.2887670107239147E-002
   12.195068679136311        2.2913969003311826E-002
   12.212210188004361        2.2950793608778712E-002
   12.229352009839735        2.2993707991870869E-002
   12.246493314388431        2.3037647148110726E-002
   12.263634153131846        2.3077688931430269E-002
   12.280774660758405        2.3109967571303656E-002
   12.297915051659995        2.3131349368512449E-002
   12.315055293212545        2.3140537047263349E-002
   12.332194105581209        2.3138380669998758E-002
   12.349330747078943        2.3126402422776103E-002
   12.366465126000582        2.3107452435245663E-002
   12.383597298718504        2.3085781384502936E-002
   12.400727549893087        2.3065970620109677E-002
   12.417855931509497        2.3051949131512747E-002
   12.434981606919242        2.3046289424125004E-002
   12.452105248821644        2.3050777934588654E-002
   12.469227532969288        2.3065648854042050E-002
   12.486349368986508        2.3089140904435569E-002
   12.503471433267658        2.3118836101202467E-002
   12.520592894637243        2.3152126849744981E-002
   12.537713613960687        2.3185783177400904E-002
   12.554833782171555        2.3216581361849439E-002
   12.571953386173979        2.3242166191354365E-002
   12.589072610374746        2.3260812998019832E-002
   12.606190751775642        2.3272246738704233E-002
   12.623306583994772        2.3277828242429757E-002
   12.640420442888201        2.3279691402475836E-002
   12.657532585739272        2.3280538551515784E-002
   12.674643462321558        2.3282597858895884E-002
   12.691753762531986        2.3287853336338746E-002
   12.708862571640447        2.3297507625666108E-002
   12.725970209010914        2.3311711657385773E-002
   12.743077517876138        2.3329976286582396E-002
   12.760185127830415        2.3351054244201645E-002
   12.777293551900714        2.3372503214671075E-002
   12.794402025154293        2.3392175854059460E-002
   12.811509174107341        2.3408625229780104E-002
   12.828615110074704        2.3421396613454947E-002
   12.845719882380546        2.3431279151165371E-002
   12.862823322779898        2.3440350668516366E-002
   12.879925769805185        2.3450759051613104E-002
   12.897026035914255        2.3464265212292265E-002
   12.914123989621306        2.3482285445588225E-002
   12.931220454273648        2.3505547958402075E-002
   12.948316227565201        2.3533211334358220E-002
   12.965412182984862        2.3563122977628474E-002
   12.982508662589067        2.3592964920026140E-002
   12.999604568935560        2.3620295422252101E-002
   13.016700606578647        2.3642721773415049E-002
   13.033797117415022        2.3659971836575852E-002
   13.050894261551017        2.3673087008830127E-002
   13.067992043742381        2.3683670328871878E-002
   13.085089386253379        2.3694382412354408E-002
   13.102185100833845        2.3707693323677771E-002
   13.119279516633920        2.3725305149644434E-002
   13.136372918274400        2.3747440337914254E-002
   13.153465483650194        2.3773085732943233E-002
   13.170557661126189        2.3799866779502441E-002
   13.187648766349634        2.3824906178203428E-002
   13.204737938986741        2.3846119331791024E-002
   13.221825962967486        2.3862414278735023E-002
   13.238913500463360        2.3874710940304529E-002
   13.256001140693625        2.3884997771894317E-002
   13.273089254472469        2.3895707152837356E-002
   13.290176633532170        2.3910114176301879E-002
   13.307263160006050        2.3931682162578946E-002
   13.324349569123074        2.3962801618338771E-002
   13.341436353256880        2.4003826173011968E-002
   13.358523878212960        2.4052764832878694E-002
   13.375612507455214        2.4105339700382967E-002
   13.392701308472839        2.4156403808970873E-002
   13.409789166251358        2.4201129600922144E-002
   13.426876549313917        2.4235229876080649E-002
   13.443963737408223        2.4256115211463813E-002
   13.461050827482026        2.4264796332876353E-002
   13.478137813864858        2.4263030108894301E-002
   13.495223972644645        2.4254862949525471E-002
   13.512307832387219        2.4245939627117338E-002
   13.529389859131609        2.4242060001346977E-002
   13.546470561289063        2.4247850439637324E-002
   13.563550578402516        2.4267179323160991E-002
   13.580630611275662        2.4301891988533306E-002
   13.597711234073612        2.4350684795439535E-002
   13.614791327158892        2.4410339471130148E-002
   13.631871272576848        2.4475987918290722E-002
   13.648951747074266        2.4542047587069966E-002
   13.666033005275594        2.4603752844593069E-002
   13.683115167062468        2.4656917826696722E-002
   13.700198376810267        2.4698574868381014E-002
   13.717281819361004        2.4727790113543351E-002
   13.734363614363108        2.4745608199397039E-002
   13.751443751483858        2.4755037258050738E-002
   13.768522327487537        2.4760403540058380E-002
   13.785599491847435        2.4766562111779591E-002
   13.802675655287178        2.4776490514778992E-002
   13.819751297302121        2.4793291183153585E-002
   13.836825904061580        2.4818184281126400E-002
   13.853899140658740        2.4850097916592200E-002
   13.870971865595644        2.4887688659689693E-002
   13.888044670713933        2.4929766567911522E-002
   13.905117856816201        2.4973836542260843E-002
   13.922191651225615        2.5018008455948367E-002
   13.939266121342140        2.5062284450500828E-002
   13.956339906915074        2.5106318777883892E-002
   13.973412289471890        2.5150690783781422E-002
   13.990483551365315        2.5197419553472895E-002
   14.007553745753874        2.5248197671402885E-002
   14.024623058204657        2.5302420459619088E-002
   14.041691715614865        2.5358297936167833E-002
   14.058760031829420        2.5412865620084862E-002
   14.075827080681078        2.5461739196155280E-002
   14.092892589262366        2.5501629609309993E-002
   14.109957052273073        2.5531246016437942E-002
   14.127020821083562        2.5550328175632079E-002
   14.144083949321168        2.5560628143961216E-002
   14.161146499105778        2.5566319321211735E-002
   14.178208573782305        2.5573124091710787E-002
   14.195269197435008        2.5587012745356255E-002
   14.212327906484866        2.5614454577219493E-002
   14.229385179151793        2.5659386210382887E-002
   14.246441499192715        2.5721396161437152E-002
   14.263497109660705        2.5797847814490543E-002
   14.280552187109384        2.5884151491163243E-002
   14.297607131781904        2.5972777556017190E-002
   14.314661483703592        2.6056234932703540E-002
   14.331714333499720        2.6128614991151381E-002
   14.348765943468443        2.6184930990257847E-002
   14.365816442907482        2.6223218743820192E-002
   14.382865726147555        2.6246555643426817E-002
   14.399913630673169        2.6260221224438485E-002
   14.416960291527333        2.6270850981032032E-002
   14.434005674320449        2.6286566794410705E-002
   14.451048644831376        2.6313786499247437E-002
   14.468089400241476        2.6355265710910184E-002
   14.485128359173130        2.6412372067113579E-002
   14.502165868658523        2.6483301384473475E-002
   14.519202131913383        2.6562945758127128E-002
   14.536237616313038        2.6645098567443612E-002
   14.553272580794077        2.6723479555568586E-002
   14.570306014707260        2.6792133405343324E-002
   14.587337918764383        2.6847342490487952E-002
   14.604368470754599        2.6889214238890537E-002
   14.621397706574507        2.6921010345556561E-002
   14.638425616565995        2.6947818338793866E-002
   14.655452266799431        2.6976548404047757E-002
   14.672477916664443        2.7014115575495358E-002
   14.689502352688596        2.7065157482832763E-002
   14.706524548700390        2.7131997959483806E-002
   14.723544698484652        2.7214561366769602E-002
   14.740562858685502        2.7309034285098736E-002
   14.757579244461272        2.7409513057997749E-002
   14.774594104873101        2.7509454490829807E-002
   14.791607663873151        2.7601720769371198E-002
   14.808619926922649        2.7680122661869797E-002
   14.825629672776142        2.7740611013363888E-002
   14.842637043907899        2.7782874812221817E-002
   14.859642328925521        2.7809923375821759E-002
   14.876645879982034        2.7828226429874297E-002
   14.893648117095665        2.7845870950853738E-002
   14.910649441381242        2.7871812047372903E-002
   14.927650167401884        2.7912579178028030E-002
   14.944649408194733        2.7972790450146015E-002
   14.961647080726962        2.8054455861858132E-002
   14.978643397948829        2.8156328009755788E-002
   14.995638546186143        2.8273845546893116E-002
   15.012632578243375        2.8400289652443782E-002
   15.029625524903976        2.8527523069619181E-002
   15.046617652216252        2.8647485488702745E-002
   15.063608307835606        2.8754125872680052E-002
   15.080596715535513        2.8844052466154745E-002
   15.097583153737910        2.8917532922410307E-002
   15.114567943994711        2.8976764735868021E-002
   15.131551423843714        2.9026010826990353E-002
   15.148534211615296        2.9070912773413678E-002
   15.165516853105416        2.9117237218205243E-002
   15.182498199115225        2.9170021263762252E-002
   15.199478007167434        2.9233537835449120E-002
   15.216456525245713        2.9310501042318863E-002
   15.233433977112956        2.9401406609570597E-002
   15.250410694610823        2.9505421334795612E-002
   15.267387315539427        2.9620421760502186E-002
   15.284364166819861        2.9743322698561819E-002
   15.301340122912912        2.9870126388697141E-002
   15.318315336265934        2.9997983284017232E-002
   15.335290243140694        3.0124864124192612E-002
   15.352265417347658        3.0248745344074901E-002
   15.369241285961589        3.0368598160141504E-002
   15.386218304950837        3.0483939453312285E-002
   15.403195791214658        3.0594933672853798E-002
   15.420172372121733        3.0702588335844518E-002
   15.437148287287526        3.0808820519647423E-002
   15.454123714953342        3.0914945887644284E-002
   15.471098911043233        3.1022586071213283E-002
   15.488074193636109        3.1132734354184746E-002
   15.505050028608180        3.1245947443057413E-002
   15.522026144873248        3.1362725123399084E-002
   15.539001480477566        3.1483276314213805E-002
   15.555976520620563        3.1608229593576335E-002
   15.572951540910386        3.1738530594351722E-002
   15.589927006768699        3.1874728049884601E-002
   15.606903494182214        3.2017264488246801E-002
   15.623881645943237        3.2167210419732313E-002
   15.640861287328489        3.2324865981361930E-002
   15.657841344080250        3.2489867994821779E-002
   15.674822393031695        3.2661125691440127E-002
   15.691804764836291        3.2836234932294574E-002
   15.708788929125529        3.3012622871121937E-002
   15.725775261731561        3.3187773595471398E-002
   15.742764054908569        3.3358961970131183E-002
   15.759755373785866        3.3524372039977386E-002
   15.776747656040472        3.3683064407092830E-002
   15.793740464727506        3.3835173342707546E-002
   15.810733529382471        3.3982000625920078E-002
   15.827726786524714        3.4126183535325524E-002
   15.844720286626570        3.4271183695747547E-002
   15.861714200628525        3.4420431933832582E-002
   15.878709206751971        3.4577090136353975E-002
   15.895705703854626        3.4742269230843024E-002
   15.912702878826252        3.4915548735413436E-002
   15.929701410026226        3.5095596585421274E-002
   15.946701961041029        3.5280598432919592E-002
   15.963705168472421        3.5468838546302096E-002
   15.980711562039790        3.5658214754424128E-002
   15.997721415558932        3.5846607332127370E-002
   16.014734893300442        3.6032468619545670E-002
   16.031750771586243        3.6213674114014160E-002
   16.048768368176304        3.6388431679730569E-002
   16.065787582593657        3.6555670097454168E-002
   16.082808374608710        3.6715138887910767E-002
   16.099830797170981        3.6866802157338903E-002
   16.116854940044472        3.7011134668213388E-002
   16.133881012560689        3.7148951635351167E-002
   16.150909367393346        3.7281799880364744E-002
   16.167939529370479        3.7411686231297862E-002
   16.184971336554213        3.7540852308402740E-002
   16.202005268481539        3.7672169469357891E-002
   16.219041569757561        3.7808131448307136E-002
   16.236080325531450        3.7950010333373876E-002
   16.253121646668315        3.8097902667729368E-002
   16.270165572452694        3.8250604975526764E-002
   16.287212078405751        3.8406231051431823E-002
   16.304260895892195        3.8562131197223432E-002
   16.321311299527572        3.8715434870280750E-002
   16.338363534476859        3.8863632913549412E-002
   16.355417856322941        3.9004874188086236E-002
   16.372474613093988        3.9138745629850015E-002
   16.389534356056878        3.9265961946141369E-002
   16.406597510751794        3.9387935570853162E-002
   16.423664538185189        3.9506771078782574E-002
   16.440735445067684        3.9624286594828917E-002
   16.457809443463979        3.9742302126709199E-002
   16.474886412298964        3.9861883669645388E-002
   16.491966181302253        3.9983131385613588E-002
   16.509048405099147        4.0105383069195165E-002
   16.526132588648650        4.0227366340950248E-002
   16.543218421201288        4.0347750127443745E-002
   16.560305703798836        4.0465411778165976E-002
   16.577394358621898        4.0579639671146472E-002
   16.594484526572842        4.0690832185828654E-002
   16.611576173094868        4.0799994471412332E-002
   16.628669117887210        4.0908277102699710E-002
   16.645764038379617        4.1016968726794903E-002
   16.662861564137444        4.1127055312416783E-002
   16.679962444047806        4.1238592322197086E-002
   16.697067208843293        4.1350276459832649E-002
   16.714176181818441        4.1460111497838209E-002
   16.731289493280681        4.1565976568343342E-002
   16.748406902669114        4.1665851820271819E-002
   16.765514821851003        4.1757580054883912E-002
   16.782582134679611        4.1839634970612063E-002
   16.799606721934357        4.1911477479643224E-002
   16.816581964536134        4.1973557424900415E-002
   16.833505278605770        4.2027312079299863E-002
   16.850374392883250        4.2074846387208625E-002
   16.867188882022479        4.2118236980273428E-002
   16.883948387185537        4.2159353271208296E-002
   16.900652492861166        4.2199362783379782E-002
   16.917302903732828        4.2238584855885233E-002
   16.933903172094674        4.2277235970336502E-002
   16.950459274431861        4.2315306557269582E-002
   16.966970075174430        4.2352252203528229E-002
   16.983441806288045        4.2387600768389037E-002
   16.999874460033887        4.2420983342143177E-002
   17.016274202624217        4.2452139056270148E-002
   17.032640267506761        4.2481249392246623E-002
   17.048979940653812        4.2508056209703236E-002
   17.065290557260337        4.2532226744885014E-002
   17.081581978012274        4.2553559798076984E-002
   17.097848509935659        4.2572743935394862E-002
   17.114101035252105        4.2590159448552933E-002
   17.130335503936116        4.2605531852546168E-002
   17.146556736023172        4.2618864183036335E-002
   17.162769852809856        4.2629843848237106E-002
   17.178969687113060        4.2638631771963455E-002
   17.195168611374552        4.2645227449266770E-002
   17.211361730962317        4.2650268883524946E-002
   17.227550724756661        4.2655269354212717E-002
   17.243745119626396        4.2661475774851708E-002
   17.259937754327563        4.2670399695451694E-002
   17.276138035972988        4.2683961887642827E-002
   17.292349733717440        4.2703893310355935E-002
   17.308564813956160        4.2730324226449234E-002
   17.324799998274838        4.2762736708598099E-002
   17.341051581627131        4.2800622277987671E-002
   17.357315516927116        4.2842981228139877E-002
   17.373608392646535        4.2887342274727021E-002
   17.389922328498066        4.2930344560438281E-002
   17.406256405934105        4.2969238366807716E-002
   17.422626767614616        4.3001594959295057E-002
   17.439021216586749        4.3025371394507093E-002
   17.455444462581283        4.3039275534083626E-002
   17.471908732487258        4.3042861314028000E-002
   17.488397865185838        4.3037905254668100E-002
   17.504924993501675        4.3027269269982855E-002
   17.521493156083526        4.3013502917793212E-002
   17.538085689902651        4.2999774455051286E-002
   17.554710019380941        4.2990338597532568E-002
   17.571326230341597        4.2988034344126423E-002
   17.587935645911656        4.2994000323610768E-002
   17.604532984647317        4.3007846050343281E-002
   17.621121336862426        4.3029666259672417E-002
   17.637705166355005        4.3058170433673860E-002
   17.654282728646763        4.3090500362888959E-002
   17.670850941153677        4.3122359161364990E-002
   17.687414198147103        4.3150738949853239E-002
   17.703976419590848        4.3173034061509588E-002
   17.720532781780236        4.3186478061280648E-002
   17.737085347495622        4.3189626079688216E-002
   17.753638492166044        4.3183344928606787E-002
   17.770191297897068        4.3170013443646425E-002
   17.786742798691808        4.3150943099642403E-002
   17.803296770248693        4.3128032774323720E-002
   17.819853026284814        4.3104001365318660E-002
   17.836413079231146        4.3080941858682026E-002
   17.852977802336504        4.3060557314930269E-002
   17.869546503330600        4.3043011469439639E-002
   17.886123367794291        4.3028658722707412E-002
   17.902708893706620        4.3018038536678474E-002
   17.919299755867645        4.3011291161020121E-002
   17.935900443076601        4.3008065719623477E-002
   17.952514926346403        4.3006543134645969E-002
   17.969137492753998        4.3004814988405082E-002
   17.985771828890673        4.3001863726310742E-002
   18.002422946488064        4.2996968613838726E-002
   18.019086198694104        4.2989492608975846E-002
   18.035762501729447        4.2978366902516656E-002
   18.052456802098401        4.2962707616297002E-002
   18.069168444306879        4.2941744900988690E-002
   18.085893536889017        4.2913434548214301E-002
   18.102636710915220        4.2876306449055650E-002
   18.119400576385619        4.2830603027742276E-002
   18.136179732287449        4.2777421148363186E-002
   18.152975723981708        4.2717058351278134E-002
   18.169792835948890        4.2651756578893342E-002
   18.186628261245165        4.2585594767972516E-002
   18.203480220518610        4.2522183454224170E-002
   18.220351583535578        4.2463185980495088E-002
   18.237244524863183        4.2410487350010850E-002
   18.254154552289528        4.2365759554070202E-002
   18.271083419038099        4.2328890254626321E-002
   18.288033925758938        4.2297122744874564E-002
   18.305004065345496        4.2268146679256678E-002
   18.321992930025960        4.2240109712565428E-002
   18.339002629933560        4.2209569735542241E-002
   18.356034342985360        4.2172739438840492E-002
   18.373084844073158        4.2127310515981592E-002
   18.390154960106337        4.2072826741064745E-002
   18.407245865598743        4.2008715986096248E-002
   18.424357485607391        4.1935298074986145E-002
   18.441486998734280        4.1854670532645341E-002
   18.458635126267037        4.1768956050227783E-002
   18.475802561829987        4.1681008279123688E-002
   18.492989041583026        4.1594901481315352E-002
   18.510192106440918        4.1514975371171575E-002
   18.527412617783170        4.1445250091447505E-002
   18.544651419246790        4.1388487558603672E-002
   18.561907978535189        4.1345355375737747E-002
   18.579180701656924        4.1315988219629569E-002
   18.596470721997644        4.1299131262341270E-002
   18.613779092066778        4.1291101062537333E-002
   18.631105164572393        4.1286688872204179E-002
   18.648447528946505        4.1280252064987026E-002
   18.665807283853763        4.1266342872078907E-002
   18.683185108788557        4.1241357951540221E-002
   18.700579335895842        4.1204177633881810E-002
   18.717988789063888        4.1155955523334967E-002
   18.735414228739973        4.1099531765758854E-002
   18.752856411976495        4.1039054005543571E-002
   18.770313455649273        4.0979547382832666E-002
   18.787781997645542        4.0926206300307751E-002
   18.805253300799741        4.0883587005017444E-002
   18.822726571553055        4.0855109862821579E-002
   18.840202154756938        4.0842913461225594E-002
   18.857680754315528        4.0846764206130731E-002
   18.875162767326113        4.0863911476779938E-002
   18.892648831937688        4.0891105249064398E-002
   18.910139741415485        4.0924961579574010E-002
   18.927635932642858        4.0961752166078690E-002
   18.945137371064007        4.0997709207615619E-002
   18.962644199728533        4.1029666675510050E-002
   18.980156561639603        4.1054820162902579E-002
   18.997674249637022        4.1071329260150925E-002
   19.015196652811156        4.1079067744964753E-002
   19.032723232107998        4.1079242129675807E-002
   19.050253765672707        4.1074287714696955E-002
   19.067788069975776        4.1067376118075233E-002
   19.085325900708103        4.1062651960927364E-002
   19.102867191141343        4.1065040860590214E-002
   19.120412046127978        4.1078593380938173E-002
   19.137960677443658        4.1106580772461120E-002
   19.155513555910446        4.1151153429681488E-002
   19.173071253819387        4.1211843584037990E-002
   19.190634434208310        4.1285675614586730E-002
   19.208203274765314        4.1368129181949556E-002
   19.225777546798920        4.1453702351048498E-002
   19.243353670810968        4.1536385522228179E-002
   19.260927628593091        4.1610783207510042E-002
   19.278500241202881        4.1673689239916385E-002
   19.296073607362548        4.1723792537565821E-002
   19.313646297396524        4.1762053273167878E-002
   19.331218937251361        4.1791819800678982E-002
   19.348794685786583        4.1817330577958632E-002
   19.366370438918509        4.1843011175961883E-002
   19.383948396754768        4.1873484323089460E-002
   19.401531111279667        4.1912875124475155E-002
   19.419115164046328        4.1964379287641372E-002
   19.436705626966084        4.2029430849825619E-002
   19.454300109845093        4.2107739908386899E-002
   19.471899393005287        4.2197213831852938E-002
   19.489507633179844        4.2294306301850076E-002
   19.507119952844768        4.2394623685620712E-002
   19.524741740151445        4.2493217099928961E-002
   19.542370401746560        4.2585655688448125E-002
   19.560006183994577        4.2668702024636823E-002
   19.577651894595540        4.2740804204738143E-002
   19.595303055152790        4.2801859050921300E-002
   19.612964339841163        4.2853307194979956E-002
   19.630631123639564        4.2898337931368671E-002
   19.648305996162975        4.2940830402865456E-002
   19.665987827304729        4.2985028680404297E-002
   19.683675475852009        4.3034937030316273E-002
   19.701370882893723        4.3093637768322209E-002
   19.719070922237780        4.3162562641700819E-002
   19.736778742689264        4.3242324540692004E-002
   19.754491212299701        4.3332200671251500E-002
   19.772209993814549        4.3429630295620587E-002
   19.789933988858166        4.3531197622960441E-002
   19.807662729094414        4.3632914315599902E-002
   19.825396413334555        4.3730369435389035E-002
   19.843133659673803        4.3819893725500825E-002
   19.860876720822741        4.3899299127651385E-002
   19.878623390515273        4.3967683546835015E-002
   19.896374390040179        4.4025913073557632E-002
   19.914133228473254        4.4076753807028128E-002
   19.931896956097486        4.4123536257008981E-002
   19.949666413350872        4.4169545063290641E-002
   19.967445862342984        4.4218141545644039E-002
   19.985224005815191        4.4272222348265854E-002
