   8.6892094343332931E-003   8.1785437263435516E-006
   1.8343854694948557E-002   3.5925266915298321E-005
   2.7998443414693101E-002   8.1639041756188062E-005
   3.7652940976991824E-002   1.4254123433421671E-004
   4.7307286718408843E-002   2.1497748912660482E-004
   5.6961425145475489E-002   2.9467576203758933E-004
   6.6615301785211939E-002   3.7704309682201685E-004
   7.6268869452830582E-002   4.5748037203152160E-004
   8.5922093909581845E-002   5.3169306000696464E-004
   9.5574959296286080E-002   5.9597646601225961E-004
  0.10522747189877836        6.4745553739758912E-004
  0.11487966222311101        6.8426194099947531E-004
  0.12453158571461724        7.0563505826143618E-004
  0.13418331844625125        7.1193372628337111E-004
  0.14383495599889118        7.0455149295905572E-004
  0.15348660804790809        6.8573018706138446E-004
  0.16313838836330788        6.5826810746477855E-004
  0.17279040577878521        6.2513366460677721E-004
  0.18244275776093877        5.8901894100162023E-004
  0.19209551930229674        5.5190891857099351E-004
  0.20174872968875043        5.1479220242867108E-004
  0.21140236953272570        4.7764201570570341E-004
  0.22105629488388817        4.3973632932411386E-004
  0.23071024998206405        4.0027367965125735E-004
  0.24036401622879258        3.5917813186163070E-004
  0.25001756933130442        3.1802879978329524E-004
  0.25967098887463452        2.8108863552419282E-004
  0.26932439076016457        2.5594045885947940E-004
  0.27897789618241331        2.5154227344985320E-004
  0.28863159844404124        2.7187119195218182E-004
  0.29828548136468414        3.1197053402410034E-004
  0.30793929547834475        3.6246970929660699E-004
  0.31759276223837807        4.1479463056266828E-004
  0.32724568397383841        4.6253505386099859E-004
  0.33689801353921489        5.0115985344039793E-004
  0.34654977594692188        5.2764671830611586E-004
  0.35620105053791706        5.4030256797000186E-004
  0.36585195784375002        5.3871188785900473E-004
  0.37550264099077213        5.2375211022033909E-004
  0.38515326482837137        4.9765439850652318E-004
  0.39480400226207674        4.6409905651796554E-004
  0.40445502266747113        4.2828428423485025E-004
  0.41410647834200814        3.9673910887621372E-004
  0.42375849030196361        3.7634340465050658E-004
  0.43341112521377873        3.7207728212178574E-004
  0.44306435182064513        3.8452317427132925E-004
  0.45271792987445375        4.0967362608495763E-004
  0.46237145791576206        4.4139803638510811E-004
  0.47202464357510648        4.7403351706450249E-004
  0.48167747641514674        5.0359446230699835E-004
  0.49133007690259139        5.2794870028245462E-004
  0.50098261600412874        5.4658120595120561E-004
  0.51063527716572388        5.6021561281684737E-004
  0.52028822265623775        5.7034858806285593E-004
  0.52994153775650776        5.7870457346667723E-004
  0.53959508214737062        5.8666343914443519E-004
  0.54924845783647536        5.9478338357909068E-004
  0.55890127120129940        6.0256755538391196E-004
  0.56855337721630761        6.0855028160718399E-004
  0.57820478728429203        6.1064829988930131E-004
  0.58785559756527217        6.0663381784310029E-004
  0.59750595990573863        5.9458728645682760E-004
  0.60715606122082155        5.7324723416737259E-004
  0.61680611622508130        5.4223646586053448E-004
  0.62645633940622847        5.0218019628425520E-004
  0.63610693091888659        4.5474711359582472E-004
  0.64575806354046106        4.0264764799746928E-004
  0.65540986253347788        3.4961601870031980E-004
  0.66506238175169363        3.0035136063832928E-004
  0.67471555349848156        2.6020310315222247E-004
  0.68436906011550513        2.3401504190112798E-004
  0.69402246185801419        2.2379057847934759E-004
  0.70367548334887531        2.2710303321315045E-004
  0.71332814135801259        2.3894424905816235E-004
  0.72298057175218688        2.5518108872718456E-004
  0.73263295566261666        2.7427372868883985E-004
  0.74228548037767483        2.9703630727564935E-004
  0.75193831210567519        3.2543961609105145E-004
  0.76159154476777458        3.6115191087489622E-004
  0.77124507304193013        4.0443559617524787E-004
  0.78089849825019630        4.5383137278112479E-004
  0.79055140808712088        5.0653634418226822E-004
  0.80020362831015890        5.5904949195092872E-004
  0.80985515629141758        6.0775904792721648E-004
  0.81950607700354583        6.4937450709358217E-004
  0.82915653155678670        6.8122186582910988E-004
  0.83880669871712710        7.0143772391237250E-004
  0.84845678343673647        7.0908418512023383E-004
  0.85810699306240290        7.0419265952594207E-004
  0.86775752523265326        6.8773436934820584E-004
  0.87740855401570117        6.6151674993524662E-004
  0.88706021369795829        6.2799689865314986E-004
  0.89671257780844082        5.9000842378377169E-004
  0.90636562239691276        5.5040678268330708E-004
  0.91601911657023471        5.1166509899445935E-004
  0.92567265232820450        4.7550203597051502E-004
  0.93532588201714240        4.4267869777861305E-004
  0.94497875962555944        4.1310546946296257E-004
  0.95463139336949188        3.8630532259002515E-004
  0.96428394493129732        3.6212334729759032E-004
  0.97393658664566307        3.4145126731787074E-004
  0.98358947650272921        3.2664777224767814E-004
  0.99324272349547260        3.2121767460991231E-004
   1.0028963061756606        3.2840155629330193E-004
   1.0125499124943182        3.4922361479888949E-004
   1.0222031434484058        3.8160662471729845E-004
   1.0318557586172070        4.2126556007301768E-004
   1.0415077140569515        4.6325061563355700E-004
   1.0511590580479411        5.0302395157023668E-004
   1.0608098966947972        5.3695449027537203E-004
   1.0704603766921665        5.6250659460939780E-004
   1.0801106702200849        5.7831584395187196E-004
   1.0897609697488393        5.8422125542712520E-004
   1.0994114630536469        5.8125555447448014E-004
   1.1090623252116412        5.7156518851079249E-004
   1.1187137072253359        5.5820894111355789E-004
   1.1283657172532255        5.4476530665730611E-004
   1.1380183999653675        5.3470223071995504E-004
   1.1476716898285131        5.3058261722906119E-004
   1.1573252923410080        5.3338263869749799E-004
   1.1669788060620803        5.4229353732373152E-004
   1.1766319758269546        5.5515055311129464E-004
   1.1862848156851129        5.6924448834249361E-004
   1.1959374499224946        5.8212000647100894E-004
   1.2055900438065688        5.9211665626584826E-004
   1.2152427682097651        5.9860872696208161E-004
   1.2248957747913092        6.0198971128764124E-004
   1.2345491452008208        6.0345055410423846E-004
   1.2442027557879902        6.0458776509419402E-004
   1.2538562257078469        6.0689912334002574E-004
   1.2635091777148320        6.1128396495290361E-004
   1.2731614669534339        6.1771127352814204E-004
   1.2828130985838875        6.2518210516289332E-004
   1.2924641566976882        6.3199165485301658E-004
   1.3021147764766490        6.3617336724097837E-004
   1.3117651263714496        6.3596945796099422E-004
   1.3214153997319176        6.3021472928175188E-004
   1.3310657909963317        6.1858470623729991E-004
   1.3407164850862081        6.0169614235166852E-004
   1.3503676451599373        5.8105898627732518E-004
   1.3600193969956698        5.5886729207328624E-004
   1.3696718116679922        5.3761686083302388E-004
   1.3793248770333704        5.1957589860719005E-004
   1.3889784154959097        5.0622910730232834E-004
   1.3986320535452490        4.9791589497301587E-004
   1.4082854485762593        4.9387171488575227E-004
   1.4179385160180928        4.9269685771367584E-004
   1.4275913410246144        4.9305421902930114E-004
   1.4372440692057056        4.9432162024442270E-004
   1.4468968602986609        4.9699333869942131E-004
   1.4565498660442207        5.0270545274601125E-004
   1.4662031946621763        5.1381317387890304E-004
   1.4758568264369574        5.3256260277767997E-004
   1.4855104584129346        5.6013607739790528E-004
   1.4951637167699574        5.9603350020680723E-004
   1.5048163795334668        6.3809000054686985E-004
   1.5144684127308563        6.8301519795025507E-004
   1.5241198714637685        7.2709873268865044E-004
   1.5337708669273711        7.6681130563518226E-004
   1.5434215463048391        7.9921548351428117E-004
   1.5530720805032523        8.2220733805875117E-004
   1.5627226512117403        8.3463086796238073E-004
   1.5723734327986634        8.3629525189698561E-004
   1.5820245805694659        8.2791076870664018E-004
   1.5916762228195371        8.1095149838384458E-004
   1.6013284475130489        7.8745125203629276E-004
   1.6109812887079582        7.5974485516697469E-004
   1.6206346993420346        7.3018141499180123E-004
   1.6302884573213121        7.0085156077176242E-004
   1.6399422405073532        6.7338690577090142E-004
   1.6495957862271919        6.4888949706492041E-004
   1.6592490757435652        6.2801951129036818E-004
   1.6689022002930707        6.1120906685632412E-004
   1.6785552889018172        5.9890625154416621E-004
   1.6882084756841094        5.9172806003686992E-004
   1.6978618793594822        5.9042799557742663E-004
   1.7075155591966904        5.9566305792772346E-004
   1.7171693939028556        6.0765088393020502E-004
   1.7268230759003451        6.2588877736792633E-004
   1.7364763078677019        6.4908896108379374E-004
   1.7461289800017941        6.7536603849032079E-004
   1.7557810889710586        7.0258801140239159E-004
   1.7654326908853526        7.2875719223797284E-004
   1.7750838826819892        7.5232116790270717E-004
   1.7847347930016626        7.7236705345536886E-004
   1.7943855731196250        7.8868546348734054E-004
   1.8040363843168508        8.0170966152608679E-004
   1.8136873832340408        8.1233922662410449E-004
   1.8233387097731402        8.2167494700485821E-004
   1.8329904822661918        8.3071425329211219E-004
   1.8426427872801532        8.4007755204694922E-004
   1.8522956660620762        8.4983997449314896E-004
   1.8619490846168387        8.5952030681787992E-004
   1.8716028385551520        8.6822588102025895E-004
   1.8812565961605163        8.7490195259945210E-004
   1.8909100969103414        8.7861469269866590E-004
   1.9005633241906745        8.7879780400564424E-004
   1.9102163798946361        8.7541708462438386E-004
   1.9198694092025506        8.6903116948502295E-004
   1.9295225623984269        8.6074125663745406E-004
   1.9391759651088856        8.5203554401962677E-004
   1.9488296514332200        8.4455112761011391E-004
   1.9584834146122030        8.3979615253488053E-004
   1.9681369119449137        8.3889452019133800E-004
   1.9777898856474003        8.4241862672563683E-004
   1.9874422740204791        8.5035314490501917E-004
   1.9970941079265885        8.6218421739973547E-004
   2.0067454704980254        8.7706307533069077E-004
   2.0163964807824879        8.9398007561254818E-004
   2.0260472774193081        9.1189764222274932E-004
   2.0356980199514565        9.2982239278269348E-004
   2.0453488643189708        9.4682231889555780E-004
   2.0549999607535017        9.6201494658738115E-004
   2.0646514436647734        9.7455619285102379E-004
   2.0743034228402819        9.8365230667380116E-004
   2.0839559697782684        9.8860809600001434E-004
   2.0936090976837312        9.8890995705613557E-004
   2.1032627095564638        9.8433598384777801E-004
   2.1129164986576594        9.7507894172817406E-004
   2.1225701369559760        9.6185914329841341E-004
   2.1322234734182417        9.4599722429552764E-004
   2.1418765541143747        9.2940597378350599E-004
   2.1515295036129998        9.1446136129091026E-004
   2.1611824726267810        9.0373175326480216E-004
   2.1708356120985171        8.9958287823437911E-004
   2.1804890335297245        9.0373551566614251E-004
   2.1901427036717154        9.1690651942549696E-004
   2.1997963024576221        9.3866480302066794E-004
   2.2094494671186662        9.6755666296612628E-004
   2.2191019858654721        1.0014375159715743E-003
   2.2287538311817072        1.0378802338315278E-003
   2.2384050660035855        1.0745365098230400E-003
   2.2480558148100651        1.1093935526992780E-003
   2.2577062444883773        1.1409138263167628E-003
   2.2673565563520182        1.1680753870099577E-003
   2.2770069645074158        1.1903355861984889E-003
   2.2866576747111012        1.2075414000805352E-003
   2.2963088684518720        1.2198100430420146E-003
   2.3059606862407476        1.2274005436324427E-003
   2.3156132003715935        1.2306051747242052E-003
   2.3252663717236000        1.2296857285472224E-003
   2.3349199237666300        1.2248723650666734E-003
   2.3445734624495169        1.2164237392540596E-003
   2.3542266974313368        1.2047295436063371E-003
   2.3638796378886271        1.1904182028303844E-003
   2.3735324184064397        1.1744301946113040E-003
   2.3831852130458331        1.1580266013956500E-003
   2.3928381927018267        1.1427127357206944E-003
   2.4024914853147292        1.1300773838283269E-003
   2.4121450932815995        1.1215748312374014E-003
   2.4217987373264176        1.1182987673524724E-003
   2.4314520281887506        1.1208109845974414E-003
   2.4411047293100676        1.1290806066311110E-003
   2.4507568098474488        1.1425526316372603E-003
   2.4604083357762119        1.1603203113532401E-003
   2.4700594307271238        1.1813372999535368E-003
   2.4797102523422847        1.2046057152717757E-003
   2.4893609810640656        1.2292924273549556E-003
   2.4990118049412229        1.2547582277577358E-003
   2.5086628983583492        1.2805118539100976E-003
   2.5183144085500473        1.3061260829017340E-003
   2.5279664471308103        1.3311546125397058E-003
   2.5376190775920775        1.3550830530629780E-003
   2.5472722979212965        1.3773282369459333E-003
   2.5569259937387869        1.3972857286975477E-003
   2.5665798709797141        1.4144120299189522E-003
   2.5762336565858481        1.4283203481168160E-003
   2.5858872362420673        1.4388627072113775E-003
   2.5955406835921102        1.4461792583528529E-003
   2.6051941244193477        1.4507019225933255E-003
   2.6148476853379425        1.4531080811702893E-003
   2.6245014556066297        1.4542335093292763E-003
   2.6341554003643468        1.4549588232011675E-003
   2.6438092834974629        1.4560975544723098E-003
   2.6534628335455284        1.4583044517209034E-003
   2.6631159090935705        1.4620215846189231E-003
   2.6727684998188401        1.4674686654150770E-003
   2.6824206604646941        1.4746707283763945E-003
   2.6920724862145540        1.4835066383218248E-003
   2.7017240976542380        1.4937584874236830E-003
   2.7113756308102328        1.5051491797793094E-003
   2.7210272239607596        1.5173644555174434E-003
   2.7306790058263113        1.5300622227749638E-003
   2.7403310849536404        1.5428780297354330E-003
   2.7499835444011107        1.5554368671756775E-003
   2.7596364337576977        1.5673748504240828E-003
   2.7692897667709224        1.5783682549311443E-003
   2.7789435197065835        1.5881660382708206E-003
   2.7885976280547338        1.5966172276856785E-003
   2.7982519370105701        1.6036876652345084E-003
   2.8079063664920043        1.6094668834613747E-003
   2.8175608060464152        1.6141670644160581E-003
   2.8272152576676719        1.6181217668942303E-003
   2.8368697176134323        1.6217847096383360E-003
   2.8465241054650123        1.6257271380292679E-003
   2.8561783444758335        1.6306285534975541E-003
   2.8658323524319935        1.6372469182980550E-003
   2.8754860992147249        1.6463629521859704E-003
   2.8851395815439993        1.6586971341444755E-003
   2.8947928160869760        1.6748036469839862E-003
   2.9044458347597621        1.6949597036779983E-003
   2.9140986806576019        1.7190719354884109E-003
   2.9237514031611105        1.7466264420293713E-003
   2.9334040579412952        1.7767081010812195E-003
   2.9430567017891303        1.8080892738629568E-003
   2.9527093857150399        1.8393747797204652E-003
   2.9623621567075169        1.8691749537564782E-003
   2.9720150524714706        1.8962709916669938E-003
   2.9816681012521142        1.9197414703007942E-003
   2.9913213187327763        1.9390336498669120E-003
   3.0009747100305844        1.9539721698166217E-003
   3.0106282677774248        1.9647150896627760E-003
   3.0202819752445551        1.9716731662212028E-003
   3.0299358059954691        1.9754082285388494E-003
   3.0395897268581593        1.9765329023944279E-003
   3.0492437017265712        1.9756355113890829E-003
   3.0588976993255663        1.9732467393502309E-003
   3.0685516962793855        1.9698533111099444E-003
   3.0782056742395474        1.9659498307235956E-003
   3.0878596209765621        1.9621026540050566E-003
   3.0975135299639707        1.9589961023415326E-003
   3.1071673993356805        1.9574330577960893E-003
   3.1168212300939357        1.9582793774405348E-003
   3.1264750232594469        1.9623616534119241E-003
   3.1361287778687026        1.9703382265364370E-003
   3.1457824894047115        1.9825765368972131E-003
   3.1554361493761829        1.9990730143187854E-003
   3.1650897469296155        2.0194420012751122E-003
   3.1747432681850332        2.0429781148277202E-003
   3.1843966995613462        2.0687777086870500E-003
   3.1940500314229099        2.0958831706598775E-003
   3.2037032582857536        2.1234170252734624E-003
   3.2133563810530319        2.1506792178094536E-003
   3.2230094090580739        2.1771951317884537E-003
   3.2326623626705278        2.2027129979123893E-003
   3.2423152713523860        2.2271636943961793E-003
   3.2519681700675958        2.2505907081241138E-003
   3.2616211007147879        2.2730695626776345E-003
   3.2712741083817645        2.2946329327834442E-003
   3.2809272354487020        2.3152236100470462E-003
   3.2905805207237422        2.3346879239322538E-003
   3.3002339958842262        2.3528089731942583E-003
   3.3098876806960300        2.3693719464635962E-003
   3.3195415811110149        2.3842430121937121E-003
   3.3291956883387268        2.3974313278260339E-003
   3.3388499789045896        2.4091217250599545E-003
   3.3485044186095467        2.4196599064374965E-003
   3.3581589549025832        2.4294925514600336E-003
   3.3678135001775384        2.4390781843427259E-003
   3.3774679551600890        2.4487904561175133E-003
   3.3871222455740351        2.4588412715179264E-003
   3.3967763226002092        2.4692462733993141E-003
   3.4064301511774593        2.4798428528662133E-003
   3.4160837105382251        2.4903563783823151E-003
   3.4257369959083737        2.5004924410536823E-003
   3.4353900191409763        2.5100359558237755E-003
   3.4450428087541831        2.5189296236226739E-003
   3.4546954092732949        2.5273155734382023E-003
   3.4643478762324049        2.5355363868867068E-003
   3.4740002797542120        2.5440868272835282E-003
   3.4836526912538552        2.5535440553262527E-003
   3.4933051880418788        2.5644841828857939E-003
   3.5029578411874467        2.5774048808536788E-003
   3.5126107145316294        2.5926729535814767E-003
   3.5222638585614119        2.6104999828768915E-003
   3.5319173053547259        2.6309515603873276E-003
   3.5415710650084735        2.6539683606493672E-003
   3.5512251222954756        2.6793863878200731E-003
   3.5608794351005999        2.7069599539293675E-003
   3.5705339044611137        2.7363749142358443E-003
   3.5801884862985633        2.7672435376012989E-003
   3.5898431128183335        2.7990916766773787E-003
   3.5994977302967732        2.8313465702391898E-003
   3.6091522707781856        2.8633375267750672E-003
   3.6188066878943590        2.8943152474315169E-003
   3.6284608645420300        2.9234899761605738E-003
   3.6381147388845450        2.9500924037000145E-003
   3.6477682806578944        2.9734460402859970E-003
   3.6574214829481235        2.9930453730859846E-003
   3.6670743612547234        3.0086244421317315E-003
   3.6767269508378888        3.0202130584984434E-003
   3.6863793056692624        3.0281731358064714E-003
   3.6960314924503357        3.0331968754444749E-003
   3.7056835978341720        3.0362681327566607E-003
   3.7153357111482914        3.0385818399797215E-003
   3.7249879288345409        3.0414308275663084E-003
   3.7346403426958279        3.0460525114550286E-003
   3.7442930338400049        3.0534821449690499E-003
   3.7539460642312883        3.0644259986110475E-003
   3.7635994700343303        3.0791722877360809E-003
   3.7732532561457659        3.0975712503071833E-003
   3.7829073872701460        3.1190808061155773E-003
   3.7925617487259418        3.1428712847394809E-003
   3.8022162293368043        3.1679628130064042E-003
   3.8118707206896301        3.1933762425404425E-003
   3.8215251975164324        3.2182655674737140E-003
   3.8311796972418213        3.2420089872813485E-003
   3.8408342490205998        3.2642624291580971E-003
   3.8504887687424527        3.2849612439147108E-003
   3.8601431416665823        3.3042832079453991E-003
   3.8697972062560857        3.3225823611922368E-003
   3.8794508767228590        3.3403101415042419E-003
   3.8891041131015243        3.3579421851191935E-003
   3.8987569085675302        3.3759259880252255E-003
   3.9084092895964835        3.3946517828465582E-003
   3.9180613158069186        3.4144388002360741E-003
   3.9277130782019225        3.4355396769579060E-003
   3.9373646907186362        3.4581411334222633E-003
   3.9470162876228749        3.4823509478538123E-003
   3.9566680067805016        3.5081898518538458E-003
   3.9663199780049516        3.5355756799818508E-003
   3.9759723166222485        3.5643053993323339E-003
   3.9856251089911785        3.5940465383573761E-003
   3.9952783989398757        3.6243330939253089E-003
   4.0049321633920734        3.6545796926041050E-003
   4.0145862266810823        3.6841159575342996E-003
   4.0242403926327350        3.7122505167547933E-003
   4.0338944775421997        3.7383497459777155E-003
   4.0435484823483980        3.7619184835481277E-003
   4.0532024926976584        3.7826649795148094E-003
   4.0628565969568280        3.8005334833440515E-003
   4.0725108617049495        3.8156985288615177E-003
   4.0821652328747104        3.8285265518060566E-003
   4.0918194952164280        3.8395039759337802E-003
   4.1014734065604692        3.8491577557771307E-003
   4.1111268399123766        3.8580028196380147E-003
   4.1207797690673553        3.8665053072546212E-003
   4.1304322210143827        3.8750726858773335E-003
   4.1400842602670123        3.8840734230141932E-003
   4.1497359835620262        3.8938721496227951E-003
   4.1593875062235224        3.9048613189496951E-003
   4.1690389676202466        3.9174835201309577E-003
   4.1786905056521100        3.9322277954348490E-003
   4.1883422501515559        3.9496013708697052E-003
   4.1979943187055317        3.9700768056548106E-003
   4.2076468071200930        3.9940299704697198E-003
   4.2172997765839071        4.0216806707696002E-003
   4.2269532410699018        4.0530412998588941E-003
   4.2366071413369504        4.0878867895943072E-003
   4.2462612540683891        4.1257555872301691E-003
   4.2559153505687020        4.1659722973989791E-003
   4.2655692836808301        4.2076774710366706E-003
   4.2752230906148228        4.2498869631750558E-003
   4.2848768740371135        4.2915605977432349E-003
   4.2945307427021921        4.3316689887419940E-003
   4.3041847902356745        4.3692585346792072E-003
   4.3138390109384011        4.4035148643934577E-003
   4.3234931788462942        4.4338127482084159E-003
   4.3331470235570704        4.4597443070692978E-003
   4.3428003537097535        4.4811375062115324E-003
   4.3524531244197195        4.4980567845369730E-003
   4.3621053661237168        4.5107945950271251E-003
   4.3717571582955914        4.5198599259960257E-003
   4.3814086210027652        4.5259652410956945E-003
   4.3910598997812054        4.5300137081219702E-003
   4.4007111649723623        4.5330725481338924E-003
   4.4103625822124171        4.5363299333213364E-003
   4.4200143009411512        4.5410275967479154E-003
   4.4296664485247330        4.5483734982027773E-003
   4.4393191134626928        4.5594322378829186E-003
   4.4489723316233389        4.5750289702066200E-003
   4.4586260659203614        4.5956569893826297E-003
   4.4682800721572091        4.6214187292480642E-003
   4.4779336577775171        4.6520100560972994E-003
   4.4875867025762730        4.6867457995675771E-003
   4.4972391840513444        4.7246348705019207E-003
   4.5068910678318295        4.7644917766305394E-003
   4.5165423156149940        4.8050573827676368E-003
   4.5261928919274226        4.8451168999441912E-003
   4.5358427653805604        4.8835978167281278E-003
   4.5454919086469650        4.9196482737852770E-003
   4.5551403030856701        4.9526777706348788E-003
   4.5647879447454187        4.9823849859373720E-003
   4.5744348417595928        5.0087359249629503E-003
   4.5840810149996836        5.0319292414745566E-003
   4.5937265002288008        5.0523638429745459E-003
   4.6033713483561423        5.0705860554379192E-003
   4.6130156200785279        5.0872432929694933E-003
   4.6226593760101613        5.1030376061727235E-003
   4.6323026884797498        5.1186934317129030E-003
   4.6419456183240575        5.1349335840239598E-003
   4.6515880950602115        5.1524493872634417E-003
   4.6612301402734726        5.1718673238710195E-003
   4.6708718058208936        5.1937109515303110E-003
   4.6805131262705721        5.2183348420637094E-003
   4.6901541174668084        5.2458655740569172E-003
   4.6997947792141721        5.2761783981969922E-003
   4.7094350900882800        5.3088843492101676E-003
   4.7190750146991292        5.3433300468112592E-003
   4.7287145037796723        5.3786611467727978E-003
   4.7383534978731268        5.4139158203961573E-003
   4.7479919276619302        5.4481281061258598E-003
   4.7576297139262627        5.4804337174491321E-003
   4.7672667808298428        5.5101625065864523E-003
   4.7769030573255620        5.5368988690156678E-003
   4.7865384798284678        5.5605071153674327E-003
   4.7961730009741208        5.5811255218375187E-003
   4.8058065884217500        5.5991205188787290E-003
   4.8154392334073597        5.6150397360035026E-003
   4.8250709468822359        5.6295559039691414E-003
   4.8347017614683674        5.6433794930142462E-003
   4.8443317457849036        5.6572370304562780E-003
   4.8539609764470075        5.6718418345066638E-003
   4.8635894427265978        5.6878729858639192E-003
   4.8732172492883725        5.7059495454555601E-003
   4.8828445305819104        5.7266008893880026E-003
   4.8924714075630007        5.7502266870428937E-003
   4.9020979858525990        5.7770552603029169E-003
   4.9117243497762368        5.8071060035111855E-003
   4.9213505558655148        5.8401627486834896E-003
   4.9309766280517842        5.8758041148528582E-003
   4.9406025585711806        5.9134326336036129E-003
   4.9502283110868888        5.9523022101068369E-003
   4.9598538235107750        5.9915915716106339E-003
   4.9694790181253561        6.0304913818772675E-003
   4.9791038072339209        6.0682815417355072E-003
   4.9887280995352850        6.1043867113323019E-003
   4.9983518133789158        6.1384068568882070E-003
   5.0079748727623610        6.1701276080293778E-003
   5.0175972182954762        6.1995003354518591E-003
   5.0272188125288944        6.2266036041817860E-003
   5.0368396365834576        6.2515966796076721E-003
   5.0464596913287663        6.2746799846729161E-003
   5.0560790027730311        6.2960634778198559E-003
   5.0656976138538248        6.3159558159404851E-003
   5.0753155544020805        6.3345722520471099E-003
   5.0849327999029894        6.3521586840122671E-003
   5.0945494059223808        6.3690149785361411E-003
   5.1041654322697081        6.3855113497406878E-003
   5.1137809321624648        6.4020884207634582E-003
   5.1233959486284810        6.4192432668135277E-003
   5.1330105107898865        6.4374968387260131E-003
   5.1426246338036519        6.4573485225938726E-003
   5.1522383190138603        6.4792140533607660E-003
   5.1618515565262459        6.5033632148040850E-003
   5.1714643293776676        6.5298828647178606E-003
   5.1810766187494268        6.5586777068888857E-003
   5.1906884076063520        6.5894975847479017E-003
   5.2002996807302777        6.6219814221074192E-003
   5.2099104305088781        6.6557089314370097E-003
   5.2195206564461882        6.6902469368545978E-003
   5.2291303668361833        6.7251878262436721E-003
   5.2387395721174412        6.7601786139821120E-003
   5.2483482833461057        6.7949293431837912E-003
   5.2579565216065305        6.8292047903052155E-003
   5.2675643129031142        6.8627964545960448E-003
   5.2771716843560394        6.8954958104325594E-003
   5.2867786627533473        6.9270773219502523E-003
   5.2963852729600589        6.9572969829746192E-003
   5.3059915349634581        6.9859117560690650E-003
   5.3155974485860815        7.0127226352819372E-003
   5.3252029893541089        7.0376168073187475E-003
   5.3348081594057355        7.0606129784431208E-003
   5.3444129500549344        7.0818861391795497E-003
   5.3540173432393594        7.1017641124600361E-003
   5.3636213105660593        7.1207119762522093E-003
   5.3732248146929171        7.1392913608141336E-003
   5.3828278086525048        7.1580940538128910E-003
   5.3924302443780991        7.1776810731706935E-003
   5.4020320818738377        7.1985304320802386E-003
   5.4116332909071829        7.2210054590615821E-003
   5.4212338552737851        7.2453347501117357E-003
   5.4308337761925420        7.2716055098907681E-003
   5.4404330701561596        7.2997798911255182E-003
   5.4500317645324357        7.3297273239239522E-003
   5.4596298611984428        7.3612573671477197E-003
   5.4692273021550557        7.3941427180247597E-003
   5.4788241273761438        7.4281232112105283E-003
   5.4884203796180833        7.4628920924503092E-003
   5.4980160985341620        7.4980806478322530E-003
   5.5076113207786612        7.5332580992115376E-003
   5.5172060751327079        7.5679363900718402E-003
   5.5268003818497951        7.6016009761012311E-003
   5.5363942529130963        7.6337436051637595E-003
   5.5459876924587936        7.6639156758834875E-003
   5.5555806949736892        7.6917841696161823E-003
   5.5651732507711831        7.7171809013987557E-003
   5.5747653353422368        7.7401319869191305E-003
   5.5843569313598449        7.7608682629334656E-003
   5.5939480197991998        7.7798094517879130E-003
   5.6035385804693405        7.7975206470313890E-003
   5.6131285918616767        7.8146501423293647E-003
   5.6227180320353369        7.8318606617032958E-003
   5.6323068806690211        7.8497579543256538E-003
   5.6418950460660531        7.8688273510934340E-003
   5.6514822524150006        7.8894001581624115E-003
   5.6610684675627452        7.9116658056335790E-003
   5.6706536832654821        7.9357072420070205E-003
   5.6802378918331469        7.9615456492633744E-003
   5.6898210887825691        7.9891712488579479E-003
   5.6994032709572684        8.0185697570565023E-003
   5.7089844204121123        8.0497209772361390E-003
   5.7185645307347972        8.0825822075207589E-003
   5.7281436184118704        8.1170639551527615E-003
   5.7377217061949795        8.1530074298476231E-003
   5.7472988188992389        8.1901578336262583E-003
   5.7568749760364080        8.2281553661707023E-003
   5.7664501721256780        8.2665380100194509E-003
   5.7760244227298116        8.3047509621940914E-003
   5.7855977444469344        8.3421874921579542E-003
   5.7951701458079601        8.3782378898620540E-003
   5.8047416211929361        8.4123463618794945E-003
   5.8143121384810570        8.4440568006479665E-003
   5.8238817020652984        8.4730495558569315E-003
   5.8334503192180538        8.4991488385875117E-003
   5.8430179898236707        8.5223211181086299E-003
   5.8525847053180389        8.5426716046878085E-003
   5.8621504560049917        8.5604359685929245E-003
   5.8717152218935320        8.5759642291710955E-003
   5.8812789642637675        8.5897013259574884E-003
   5.8908415900068754        8.6021686466776701E-003
   5.9004030620220638        8.6139770730285607E-003
   5.9099633558903450        8.6258157355986482E-003
   5.9195224225816681        8.6384354505874908E-003
   5.9290802162934115        8.6526311048922711E-003
   5.9386367264898325        8.6692011605003227E-003
   5.9481919569458475        8.6888899622957760E-003
   5.9577459147971084        8.7123292688092747E-003
   5.9672986176034444        8.7399577887668882E-003
   5.9768500896464349        8.7719491948952868E-003
   5.9864003662166327        8.8081682643480572E-003
   5.9959494847496959        8.8481573196739407E-003
   6.0054974845396671        8.8911406630793159E-003
   6.0150443955387658        8.9361028846455474E-003
   6.0245902370305595        8.9818660187664986E-003
   6.0341350251727972        9.0271885796361067E-003
   6.0436787609931812        9.0708540811619311E-003
   6.0532214392535506        9.1117607270098534E-003
   6.0627630608505720        9.1490150586665143E-003
   6.0723035901150020        9.1819953235258486E-003
   6.0818429142332118        9.2103906799992814E-003
   6.0913809863135713        9.2342281667660113E-003
   6.1009177661249385        9.2538568030779388E-003
   6.1104532267667713        9.2699184928661076E-003
   6.1199873457172247        9.2832832458238229E-003
   6.1295201061037412        9.2949816040428079E-003
   6.1390515008243884        9.3061261005382909E-003
   6.1485815332092937        9.3178463338928902E-003
   6.1581102008514250        9.3312354003433854E-003
   6.1676375114998416        9.3472962141392616E-003
   6.1771634918044871        9.3668848962151947E-003
   6.1866881672983709        9.3906558237584811E-003
   6.1962115538772533        9.4190076494210552E-003
   6.2057336596442552        9.4520106325591425E-003
   6.2152544351403538        9.4893621766814484E-003
   6.2247738607939826        9.5303738168380694E-003
   6.2342919476290648        9.5740114929740092E-003
   6.2438086965142734        9.6189391708334723E-003
   6.2533240998941935        9.6636182436029786E-003
   6.2628381481017543        9.7064417201930420E-003
   6.2723508204896001        9.7458969646352540E-003
   6.2818620999315442        9.7807128787831595E-003
   6.2913719697742536        9.8099908946864284E-003
   6.3008804159802780        9.8332910135874065E-003
   6.3103874066396575        9.8506929256468485E-003
   6.3198929188725081        9.8628005902618391E-003
   6.3293969560579741        9.8707023924992868E-003
   6.3388995265488450        9.8758656192747575E-003
   6.3484006373153585        9.8800170060650509E-003
   6.3579002242072749        9.8849950301900125E-003
   6.3673982458954130        9.8925928732165672E-003
   6.3768947195591004        9.9044177316005098E-003
   6.3863896519847376        9.9217771522911863E-003
   6.3958830304926861        9.9455904224361943E-003
   6.4053748591417392        9.9763354021226557E-003
   6.4148651441474511        1.0014055543993818E-002
   6.4243538857139022        1.0058391302379278E-002
   6.4338410322311121        1.0108607156348589E-002
   6.4433265381145706        1.0163630952614983E-002
   6.4528103964574886        1.0222095997343649E-002
   6.4622925953640822        1.0282400891924639E-002
   6.4717731171049344        1.0342770004844447E-002
   6.4812519387075831        1.0401350374599171E-002
   6.4907290369296566        1.0456330892521352E-002
   6.5002043874337376        1.0506057197745495E-002
   6.5096779542767189        1.0549158796457481E-002
   6.5191497024410996        1.0584664014096483E-002
   6.5286195996209493        1.0612067992751132E-002
   6.5380876385241411        1.0631394048061035E-002
   6.5475538208515616        1.0643174632402247E-002
   6.5570181557767544        1.0648422320890945E-002
   6.5664806619090239        1.0648543354628684E-002
   6.5759413457922733        1.0645241922079676E-002
   6.5854001801255748        1.0640411318895326E-002
   6.5948571431861112        1.0636012946992610E-002
   6.6043122502858491        1.0633949000417919E-002
   6.6137655133102733        1.0635949985228691E-002
   6.6232169660447120        1.0643476006723036E-002
   6.6326666365938900        1.0657653142765913E-002
   6.6421145332329878        1.0679242738741428E-002
   6.6515606507321738        1.0708626231761467E-002
   6.6610049761049073        1.0745808265833259E-002
   6.6704474848856083        1.0790420053671462E-002
   6.6798881631324090        1.0841760379643935E-002
   6.6893269994861351        1.0898796603901875E-002
   6.6987639817833076        1.0960212633921843E-002
   6.7081990736152965        1.1024480591568445E-002
   6.7176321736306193        1.1089927161425921E-002
   6.7270632805218415        1.1154844036860847E-002
   6.7364923866608439        1.1217544191380560E-002
   6.7459194799455133        1.1276485200790169E-002
   6.7553445617418788        1.1330411545939787E-002
   6.7647676289342877        1.1378421321696738E-002
   6.7741886803282778        1.1420014602856606E-002
   6.7836076888227117        1.1455086754732410E-002
   6.7930246371148728        1.1483943114743007E-002
   6.8024395242487250        1.1507253955457184E-002
   6.8118523680001388        1.1525947400317893E-002
   6.8212631632646454        1.1541162458010552E-002
   6.8306719165008252        1.1554172838188478E-002
   6.8400786382123311        1.1566290316044859E-002
   6.8494833433026692        1.1578780863770920E-002
   6.8588859261321264        1.1592825357854318E-002
   6.8682863785454904        1.1609443334212693E-002
   6.8776847067296121        1.1629497772090575E-002
   6.8870809165324607        1.1653658982289119E-002
   6.8964750219484801        1.1682338376240010E-002
   6.9058670487033504        1.1715669360610477E-002
   6.9152569832310711        1.1753538905379581E-002
   6.9246448089755122        1.1795603459336996E-002
   6.9340305347244868        1.1841327664141416E-002
   6.9434141622916004        1.1890004942802042E-002
   6.9527957090201289        1.1940779552717896E-002
   6.9621752016490532        1.1992711092077574E-002
   6.9715526591213690        1.2044810093751829E-002
   6.9809281010782982        1.2096114053170712E-002
   6.9903015468452807        1.2145758246343881E-002
   6.9996729012984238        1.2193040463591900E-002
   7.0090421519928645        1.2237502235376061E-002
   7.0184093105720526        1.2278935290204024E-002
   7.0277743864154942        1.2317438734857883E-002
   7.0371373956290890        1.2353398474321552E-002
   7.0464983343229397        1.2387431456683329E-002
   7.0558571297976602        1.2420321451179921E-002
   7.0652134339458579        1.2452975479454814E-002
   7.0745672195552700        1.2486320418951341E-002
   7.0839185033490626        1.2521229743262842E-002
   7.0932672988536050        1.2558433393464444E-002
   7.1026136397152184        1.2598498683020688E-002
   7.1119575689868526        1.2641766967759413E-002
   7.1212991185345391        1.2688344213593831E-002
   7.1306383382284801        1.2738093104268787E-002
   7.1399752755170569        1.2790713392599410E-002
   7.1493099173216699        1.2845756833735391E-002
   7.1586421938853553        1.2902634818867288E-002
   7.1679721515715107        1.2960658475840965E-002
   7.1772998407838386        1.3019097264425987E-002
   7.1866252946710425        1.3077172716053763E-002
   7.1959485127837288        1.3134095552416822E-002
   7.2052694644994446        1.3189099055923730E-002
   7.2145881338260169        1.3241520998060106E-002
   7.2239045261507000        1.3290827542134273E-002
   7.2332186639383425        1.3336627813712204E-002
   7.2425305614200726        1.3378734596403041E-002
   7.2518402349488618        1.3417203640922075E-002
   7.2611477352299616        1.3452296314391727E-002
   7.2704531511814343        1.3484500018054854E-002
   7.2797565605397310        1.3514519669963261E-002
   7.2890580508676841        1.3543220411654375E-002
   7.2983577429094533        1.3571588433357592E-002
   7.3076557860198932        1.3600694589938452E-002
   7.3169522634085418        1.3631600176430654E-002
   7.3262463053617806        1.3665281423830470E-002
   7.3355376672883237        1.3702574406544101E-002
   7.3448263885342859        1.3744194413121113E-002
   7.3541124685716284        1.3790658872244245E-002
   7.3633959153420570        1.3842264668420350E-002
   7.3726767664278654        1.3899106483661498E-002
   7.3819550642018701        1.3961064123749409E-002
   7.3912308377951224        1.4027775003027581E-002
   7.4005041175106108        1.4098728964344834E-002
   7.4097749565339353        1.4173234736638975E-002
   7.4190434179004541        1.4250432638660054E-002
   7.4283095719542604        1.4329328132856173E-002
   7.4375735149726161        1.4408867738465364E-002
   7.4468353430076641        1.4487975993893138E-002
   7.4560951687935608        1.4565566490952619E-002
   7.4653531360757608        1.4640603671524057E-002
   7.4746094390707842        1.4712163229822850E-002
   7.4838641572518751        1.4779467463210644E-002
   7.4931170759144896        1.4841911692946855E-002
   7.5023683382873294        1.4899199782502894E-002
   7.5116181293845248        1.4951290824238999E-002
   7.5208663403170819        1.4998331923923960E-002
   7.5301119267856231        1.5040722990630638E-002
   7.5393548196614528        1.5079120139851257E-002
   7.5485950653323544        1.5114353483004488E-002
   7.5578326954906325        1.5147358229132747E-002
   7.5670677618687998        1.5179177677005778E-002
   7.5763003115700691        1.5210912389701202E-002
   7.5855304079061838        1.5243652140528285E-002
   7.5947581395301995        1.5278450890687039E-002
   7.6039836165083283        1.5316278576198902E-002
   7.6132069843832317        1.5357969208710895E-002
   7.6224283878026799        1.5404245828108908E-002
   7.6316476800335229        1.5455677077460326E-002
   7.6408648354203370        1.5512666893060753E-002
   7.6500800125368542        1.5575384844368587E-002
   7.6592934214603368        1.5643797580705294E-002
   7.6685053240878753        1.5717569900062660E-002
   7.6777160279399563        1.5796074155976187E-002
   7.6869258639551772        1.5878454054783116E-002
   7.6961337210330836        1.5963652244299666E-002
   7.7053389444812801        1.6050454342705779E-002
   7.7145416376037055        1.6137591073773817E-002
   7.7237418306353236        1.6223795653879439E-002
   7.7329395796972245        1.6307827923203153E-002
   7.7421349345508519        1.6388627373061737E-002
   7.7513279816997027        1.6465370242113732E-002
   7.7605188028053904        1.6537447361134834E-002
   7.7697074838970481        1.6604513257359867E-002
   7.7788941401155931        1.6666492377190464E-002
   7.7880789195539091        1.6723582973269750E-002
   7.7972619679622364        1.6776209903456258E-002
   7.8064435361251387        1.6824982654424472E-002
   7.8156237650554328        1.6870698565307818E-002
   7.8248022801099513        1.6914239985334877E-002
   7.8339792279359930        1.6956536283722661E-002
   7.8431548592622766        1.6998548128471805E-002
   7.8523288034187519        1.7041247889962530E-002
   7.8615000142889464        1.7085563341703979E-002
   7.8706685300132326        1.7132324558599154E-002
   7.8798344261721311        1.7182186208887652E-002
   7.8889978105619445        1.7235627704826766E-002
   7.8981588176635089        1.7292935228399090E-002
   7.9073175662381141        1.7354166788459739E-002
   7.9164742315974106        1.7419163917822247E-002
   7.9256290155878952        1.7487551661802742E-002
   7.9347821490315535        1.7558804195883772E-002
   7.9439335053495883        1.7632237968363121E-002
   7.9530830590272439        1.7707041495407565E-002
   7.9622310195523189        1.7782336578783288E-002
   7.9713776119131570        1.7857259554882529E-002
   7.9805230856984419        1.7931021222462928E-002
   7.9896677708912547        1.8002958140398716E-002
   7.9988117309900977        1.8072564355833574E-002
   8.0079544485581788        1.8139520279068105E-002
   8.0170950118327564        1.8203653823908109E-002
   8.0262330310269601        1.8264981422345006E-002
   8.0353685935447903        1.8323695315379692E-002
   8.0445018040122136        1.8380102087303951E-002
   8.0536326910560518        1.8434643672298901E-002
   8.0627611795048235        1.8487871277461106E-002
   8.0718873868246916        1.8540332303386094E-002
   8.0810114559720674        1.8592559410317219E-002
   8.0901335542862043        1.8645050730697901E-002
   8.0992539532090042        1.8698288000285355E-002
   8.1083729800536481        1.8752621348424852E-002
   8.1174907818418216        1.8808287812730830E-002
   8.1266071085380283        1.8865421361654124E-002
   8.1357221925614081        1.8924018013482556E-002
   8.1448363154685062        1.8983957718530224E-002
   8.1539498078232082        1.9044993202433278E-002
   8.1630620537627792        1.9106826891008361E-002
   8.1721720122189350        1.9169076884946901E-002
   8.1812797187988835        1.9231338141821205E-002
   8.1903851864614055        1.9293236557868944E-002
   8.1994884283417466        1.9354442753612359E-002
   8.2085894729527151        1.9414684396178435E-002
   8.2176883734998878        1.9473776561935354E-002
   8.2267852311464278        1.9531613886935056E-002
   8.2358801917987865        1.9588156347420230E-002
   8.2449734050808825        1.9643432267532353E-002
   8.2540646850156261        1.9697540843068725E-002
   8.2631540964025056        1.9750621451646851E-002
   8.2722418521667365        1.9802814949575569E-002
   8.2813282132070398        1.9854287264007005E-002
   8.2904135157769190        1.9905218559191338E-002
   8.2994980916715182        1.9955736760956858E-002
   8.3085815641352738        2.0005926989472584E-002
   8.3176637233312984        2.0055851735617438E-002
   8.3267436614549553        2.0105567507404595E-002
   8.3358213890785375        2.0155050270777328E-002
   8.3448970039107611        2.0204283156587653E-002
   8.3539706001647183        2.0253284820555419E-002
   8.3630421257838403        2.0302060706796136E-002
   8.3721116182293507        2.0350594915912922E-002
   8.3811791622224021        2.0398915040941743E-002
   8.3902448558372420        2.0447099793422571E-002
   8.3993088062122965        2.0495232343298996E-002
   8.4083711806678476        2.0543421445082859E-002
   8.4174321356533071        2.0591811471353430E-002
   8.4264918603753216        2.0640598093695717E-002
   8.4355503157164140        2.0689951664318380E-002
   8.4446073276509797        2.0739996878439654E-002
   8.4536630665287866        2.0790768693518563E-002
   8.4627177699282576        2.0842267819448465E-002
   8.4717712197339363        2.0894421819009912E-002
   8.4808221802213222        2.0947060923620055E-002
   8.4898706110228055        2.0999953662658812E-002
   8.4989165414792147        2.1052781253941638E-002
   8.5079600187243045        2.1105126856267829E-002
   8.5170010946516896        2.1156571276774311E-002
   8.5260398596928670        2.1206725820525581E-002
   8.5350764333903140        2.1255233424959597E-002
   8.5441109605516097        2.1301749371966137E-002
   8.5531436099886804        2.1345989106977860E-002
   8.5621745912013463        2.1387813486260447E-002
   8.5712040302088610        2.1427186044116274E-002
   8.5802317836134989        2.1464227897078407E-002
   8.5892580034042485        2.1499191001977825E-002
   8.5982828854936741        2.1532378025899239E-002
   8.6073066716356479        2.1564198475514437E-002
   8.6163296491240828        2.1595158873261473E-002
   8.6253517187862059        2.1625798773992348E-002
   8.6343727184482830        2.1656660041535651E-002
   8.6433920020406756        2.1688281573780638E-002
   8.6524089158948385        2.1721180695425561E-002
   8.6614234767846643        2.1755799642985286E-002
   8.6704357209147513        2.1792469056072943E-002
   8.6794457028399883        2.1831375511433930E-002
   8.6884534296009779        2.1872517901647126E-002
   8.6974589379808354        2.1915779417696294E-002
   8.7064622988628351        2.1960891200933509E-002
   8.7154636299396397        2.2007395491467859E-002
   8.7244630409548254        2.2054675899524801E-002
   8.7334606329995399        2.2102065737055608E-002
   8.7424565533469991        2.2148845557621925E-002
   8.7514509687017004        2.2194315652106389E-002
   8.7604440383604327        2.2237883585031582E-002
   8.7694356257655262        2.2279027104763812E-002
   8.7784256884404837        2.2317358455377190E-002
   8.7874144077326264        2.2352649928977637E-002
   8.7964020233913711        2.2384852550705350E-002
   8.8053885992242868        2.2414106712047667E-002
   8.8143729490124887        2.2440689628379057E-002
   8.8233549147987702        2.2465005718367525E-002
   8.8323345429860094        2.2487595125351794E-002
   8.8413118736648606        2.2509034313568970E-002
   8.8502869645076547        2.2530000137668978E-002
   8.8592599024084961        2.2551179047873498E-002
   8.8682308134448693        2.2573161772568854E-002
   8.8771996465143488        2.2596434587117607E-002
   8.8861664200345949        2.2621410728782630E-002
   8.8951312361983526        2.2648396057515934E-002
