# Athena++ data at time=1.000000e-01  cycle=242  variables=prim 
# i       x1v         rho          press          vel1         vel2         vel3         Bcc1         Bcc2         Bcc3     
0002 -4.98047e-01  1.00000e+00  1.00000e+00  0.00000e+00  0.00000e+00  0.00000e+00  7.50000e-01  1.00000e+00  0.00000e+00
0003 -4.94141e-01  1.00000e+00  1.00000e+00  0.00000e+00  0.00000e+00  0.00000e+00  7.50000e-01  1.00000e+00  0.00000e+00
0004 -4.90234e-01  1.00000e+00  1.00000e+00  0.00000e+00  0.00000e+00  0.00000e+00  7.50000e-01  1.00000e+00  0.00000e+00
0005 -4.86328e-01  1.00000e+00  1.00000e+00  0.00000e+00  0.00000e+00  0.00000e+00  7.50000e-01  1.00000e+00  0.00000e+00
0006 -4.82422e-01  1.00000e+00  1.00000e+00  0.00000e+00  0.00000e+00  0.00000e+00  7.50000e-01  1.00000e+00  0.00000e+00
0007 -4.78516e-01  1.00000e+00  1.00000e+00  0.00000e+00  0.00000e+00  0.00000e+00  7.50000e-01  1.00000e+00  0.00000e+00
0008 -4.74609e-01  1.00000e+00  1.00000e+00  0.00000e+00  0.00000e+00  0.00000e+00  7.50000e-01  1.00000e+00  0.00000e+00
0009 -4.70703e-01  1.00000e+00  1.00000e+00  0.00000e+00  0.00000e+00  0.00000e+00  7.50000e-01  1.00000e+00  0.00000e+00
0010 -4.66797e-01  1.00000e+00  1.00000e+00  0.00000e+00  0.00000e+00  0.00000e+00  7.50000e-01  1.00000e+00  0.00000e+00
0011 -4.62891e-01  1.00000e+00  1.00000e+00  0.00000e+00  0.00000e+00  0.00000e+00  7.50000e-01  1.00000e+00  0.00000e+00
0012 -4.58984e-01  1.00000e+00  1.00000e+00  0.00000e+00  0.00000e+00  0.00000e+00  7.50000e-01  1.00000e+00  0.00000e+00
0013 -4.55078e-01  1.00000e+00  1.00000e+00  0.00000e+00  0.00000e+00  0.00000e+00  7.50000e-01  1.00000e+00  0.00000e+00
0014 -4.51172e-01  1.00000e+00  1.00000e+00  0.00000e+00  0.00000e+00  0.00000e+00  7.50000e-01  1.00000e+00  0.00000e+00
0015 -4.47266e-01  1.00000e+00  1.00000e+00  0.00000e+00  0.00000e+00  0.00000e+00  7.50000e-01  1.00000e+00  0.00000e+00
0016 -4.43359e-01  1.00000e+00  1.00000e+00  0.00000e+00  0.00000e+00  0.00000e+00  7.50000e-01  1.00000e+00  0.00000e+00
0017 -4.39453e-01  1.00000e+00  1.00000e+00  0.00000e+00  0.00000e+00  0.00000e+00  7.50000e-01  1.00000e+00  0.00000e+00
0018 -4.35547e-01  1.00000e+00  1.00000e+00  0.00000e+00  0.00000e+00  0.00000e+00  7.50000e-01  1.00000e+00  0.00000e+00
0019 -4.31641e-01  1.00000e+00  1.00000e+00  0.00000e+00  0.00000e+00  0.00000e+00  7.50000e-01  1.00000e+00  0.00000e+00
0020 -4.27734e-01  1.00000e+00  1.00000e+00  0.00000e+00  0.00000e+00  0.00000e+00  7.50000e-01  1.00000e+00  0.00000e+00
0021 -4.23828e-01  1.00000e+00  1.00000e+00  0.00000e+00  0.00000e+00  0.00000e+00  7.50000e-01  1.00000e+00  0.00000e+00
0022 -4.19922e-01  1.00000e+00  1.00000e+00  0.00000e+00  0.00000e+00  0.00000e+00  7.50000e-01  1.00000e+00  0.00000e+00
0023 -4.16016e-01  1.00000e+00  1.00000e+00  0.00000e+00  0.00000e+00  0.00000e+00  7.50000e-01  1.00000e+00  0.00000e+00
0024 -4.12109e-01  1.00000e+00  1.00000e+00  9.93918e-17 -3.65482e-17  0.00000e+00  7.50000e-01  1.00000e+00  0.00000e+00
0025 -4.08203e-01  1.00000e+00  1.00000e+00  3.68377e-16 -9.64969e-17  0.00000e+00  7.50000e-01  1.00000e+00  0.00000e+00
0026 -4.04297e-01  1.00000e+00  1.00000e+00  1.06436e-15 -3.42082e-16  0.00000e+00  7.50000e-01  1.00000e+00  0.00000e+00
0027 -4.00391e-01  1.00000e+00  1.00000e+00  2.76030e-15 -8.37716e-16  0.00000e+00  7.50000e-01  1.00000e+00  0.00000e+00
0028 -3.96484e-01  1.00000e+00  1.00000e+00  6.95359e-15 -2.19748e-15  0.00000e+00  7.50000e-01  1.00000e+00  0.00000e+00
0029 -3.92578e-01  1.00000e+00  1.00000e+00  1.66530e-14 -5.35415e-15  0.00000e+00  7.50000e-01  1.00000e+00  0.00000e+00
0030 -3.88672e-01  1.00000e+00  1.00000e+00  3.97248e-14 -1.28663e-14  0.00000e+00  7.50000e-01  1.00000e+00  0.00000e+00
0031 -3.84766e-01  1.00000e+00  1.00000e+00  9.37759e-14 -3.00607e-14  0.00000e+00  7.50000e-01  1.00000e+00  0.00000e+00
0032 -3.80859e-01  1.00000e+00  1.00000e+00  2.18336e-13 -6.97905e-14  0.00000e+00  7.50000e-01  1.00000e+00  0.00000e+00
0033 -3.76953e-01  1.00000e+00  1.00000e+00  5.02630e-13 -1.60767e-13  0.00000e+00  7.50000e-01  1.00000e+00  0.00000e+00
0034 -3.73047e-01  1.00000e+00  1.00000e+00  1.14452e-12 -3.66073e-13  0.00000e+00  7.50000e-01  1.00000e+00  0.00000e+00
0035 -3.69141e-01  1.00000e+00  1.00000e+00  2.57734e-12 -8.24626e-13  0.00000e+00  7.50000e-01  1.00000e+00  0.00000e+00
0036 -3.65234e-01  1.00000e+00  1.00000e+00  5.74003e-12 -1.83647e-12  0.00000e+00  7.50000e-01  1.00000e+00  0.00000e+00
0037 -3.61328e-01  1.00000e+00  1.00000e+00  1.26411e-11 -4.04465e-12  0.00000e+00  7.50000e-01  1.00000e+00  0.00000e+00
0038 -3.57422e-01  1.00000e+00  1.00000e+00  2.75266e-11 -8.80724e-12  0.00000e+00  7.50000e-01  1.00000e+00  0.00000e+00
0039 -3.53516e-01  1.00000e+00  1.00000e+00  5.92618e-11 -1.89608e-11  0.00000e+00  7.50000e-01  1.00000e+00  0.00000e+00
0040 -3.49609e-01  1.00000e+00  1.00000e+00  1.26128e-10 -4.03543e-11  0.00000e+00  7.50000e-01  1.00000e+00  0.00000e+00
0041 -3.45703e-01  1.00000e+00  1.00000e+00  2.65347e-10 -8.48975e-11  0.00000e+00  7.50000e-01  1.00000e+00  0.00000e+00
0042 -3.41797e-01  1.00000e+00  1.00000e+00  5.51750e-10 -1.76532e-10  0.00000e+00  7.50000e-01  1.00000e+00  0.00000e+00
0043 -3.37891e-01  1.00000e+00  1.00000e+00  1.13383e-09 -3.62766e-10  0.00000e+00  7.50000e-01  1.00000e+00  0.00000e+00
0044 -3.33984e-01  1.00000e+00  1.00000e+00  2.30239e-09 -7.36646e-10  0.00000e+00  7.50000e-01  1.00000e+00  0.00000e+00
0045 -3.30078e-01  1.00000e+00  1.00000e+00  4.61946e-09 -1.47799e-09  0.00000e+00  7.50000e-01  1.00000e+00  0.00000e+00
0046 -3.26172e-01  1.00000e+00  1.00000e+00  9.15655e-09 -2.92962e-09  0.00000e+00  7.50000e-01  1.00000e+00  0.00000e+00
0047 -3.22266e-01  1.00000e+00  1.00000e+00  1.79288e-08 -5.73629e-09  0.00000e+00  7.50000e-01  1.00000e+00  0.00000e+00
0048 -3.18359e-01  1.00000e+00  1.00000e+00  3.46733e-08 -1.10937e-08  0.00000e+00  7.50000e-01  1.00000e+00  0.00000e+00
0049 -3.14453e-01  1.00000e+00  1.00000e+00  6.62232e-08 -2.11880e-08  0.00000e+00  7.50000e-01  1.00000e+00  0.00000e+00
0050 -3.10547e-01  1.00000e+00  1.00000e+00  1.24894e-07 -3.99596e-08  0.00000e+00  7.50000e-01  1.00000e+00  0.00000e+00
0051 -3.06641e-01  1.00000e+00  1.00000e+00  2.32558e-07 -7.44065e-08  0.00000e+00  7.50000e-01  1.00000e+00  0.00000e+00
0052 -3.02734e-01  1.00000e+00  1.00000e+00  4.27487e-07 -1.36774e-07  0.00000e+00  7.50000e-01  1.00000e+00  0.00000e+00
0053 -2.98828e-01  1.00000e+00  9.99999e-01  7.75633e-07 -2.48163e-07  0.00000e+00  7.50000e-01  9.99999e-01  0.00000e+00
0054 -2.94922e-01  9.99999e-01  9.99999e-01  1.38890e-06 -4.44376e-07  0.00000e+00  7.50000e-01  9.99999e-01  0.00000e+00
0055 -2.91016e-01  9.99999e-01  9.99998e-01  2.45417e-06 -7.85209e-07  0.00000e+00  7.50000e-01  9.99998e-01  0.00000e+00
0056 -2.87109e-01  9.99997e-01  9.99996e-01  4.27852e-06 -1.36891e-06  0.00000e+00  7.50000e-01  9.99997e-01  0.00000e+00
0057 -2.83203e-01  9.99996e-01  9.99993e-01  7.35823e-06 -2.35427e-06  0.00000e+00  7.50000e-01  9.99995e-01  0.00000e+00
0058 -2.79297e-01  9.99993e-01  9.99988e-01  1.24818e-05 -3.99356e-06  0.00000e+00  7.50000e-01  9.99991e-01  0.00000e+00
0059 -2.75391e-01  9.99988e-01  9.99980e-01  2.08803e-05 -6.68072e-06  0.00000e+00  7.50000e-01  9.99985e-01  0.00000e+00
0060 -2.71484e-01  9.99980e-01  9.99966e-01  3.44418e-05 -1.10198e-05  0.00000e+00  7.50000e-01  9.99975e-01  0.00000e+00
0061 -2.67578e-01  9.99967e-01  9.99945e-01  5.60084e-05 -1.79204e-05  0.00000e+00  7.50000e-01  9.99959e-01  0.00000e+00
0062 -2.63672e-01  9.99947e-01  9.99912e-01  8.97779e-05 -2.87258e-05  0.00000e+00  7.50000e-01  9.99935e-01  0.00000e+00
0063 -2.59766e-01  9.99917e-01  9.99861e-01  1.41829e-04 -4.53816e-05  0.00000e+00  7.50000e-01  9.99897e-01  0.00000e+00
0064 -2.55859e-01  9.99870e-01  9.99784e-01  2.20788e-04 -7.06492e-05  0.00000e+00  7.50000e-01  9.99839e-01  0.00000e+00
0065 -2.51953e-01  9.99801e-01  9.99669e-01  3.38636e-04 -1.08365e-04  0.00000e+00  7.50000e-01  9.99754e-01  0.00000e+00
0066 -2.48047e-01  9.99700e-01  9.99500e-01  5.11654e-04 -1.63747e-04  0.00000e+00  7.50000e-01  9.99628e-01  0.00000e+00
0067 -2.44141e-01  9.99553e-01  9.99256e-01  7.61469e-04 -2.43726e-04  0.00000e+00  7.50000e-01  9.99446e-01  0.00000e+00
0068 -2.40234e-01  9.99345e-01  9.98909e-01  1.11613e-03 -3.57303e-04  0.00000e+00  7.50000e-01  9.99188e-01  0.00000e+00
0069 -2.36328e-01  9.99055e-01  9.98426e-01  1.61111e-03 -5.15881e-04  0.00000e+00  7.50000e-01  9.98828e-01  0.00000e+00
0070 -2.32422e-01  9.98657e-01  9.97764e-01  2.29017e-03 -7.33547e-04  0.00000e+00  7.50000e-01  9.98334e-01  0.00000e+00
0071 -2.28516e-01  9.98120e-01  9.96871e-01  3.20579e-03 -1.02725e-03  0.00000e+00  7.50000e-01  9.97668e-01  0.00000e+00
0072 -2.24609e-01  9.97409e-01  9.95689e-01  4.41924e-03 -1.41685e-03  0.00000e+00  7.50000e-01  9.96786e-01  0.00000e+00
0073 -2.20703e-01  9.96483e-01  9.94151e-01  5.99990e-03 -1.92495e-03  0.00000e+00  7.50000e-01  9.95636e-01  0.00000e+00
0074 -2.16797e-01  9.95298e-01  9.92184e-01  8.02404e-03 -2.57658e-03  0.00000e+00  7.50000e-01  9.94165e-01  0.00000e+00
0075 -2.12891e-01  9.93807e-01  9.89713e-01  1.05728e-02 -3.39864e-03  0.00000e+00  7.50000e-01  9.92312e-01  0.00000e+00
0076 -2.08984e-01  9.91961e-01  9.86660e-01  1.37295e-02 -4.41914e-03  0.00000e+00  7.50000e-01  9.90017e-01  0.00000e+00
0077 -2.05078e-01  9.89714e-01  9.82949e-01  1.75770e-02 -5.66638e-03  0.00000e+00  7.50000e-01  9.87222e-01  0.00000e+00
0078 -2.01172e-01  9.87020e-01  9.78512e-01  2.21940e-02 -7.16803e-03  0.00000e+00  7.50000e-01  9.83869e-01  0.00000e+00
0079 -1.97266e-01  9.83840e-01  9.73287e-01  2.76525e-02 -8.95021e-03  0.00000e+00  7.50000e-01  9.79907e-01  0.00000e+00
0080 -1.93359e-01  9.80140e-01  9.67226e-01  3.40148e-02 -1.10367e-02  0.00000e+00  7.50000e-01  9.75292e-01  0.00000e+00
0081 -1.89453e-01  9.75893e-01  9.60294e-01  4.13313e-02 -1.34484e-02  0.00000e+00  7.50000e-01  9.69990e-01  0.00000e+00
0082 -1.85547e-01  9.71082e-01  9.52471e-01  4.96393e-02 -1.62028e-02  0.00000e+00  7.50000e-01  9.63977e-01  0.00000e+00
0083 -1.81641e-01  9.65699e-01  9.43753e-01  5.89624e-02 -1.93135e-02  0.00000e+00  7.50000e-01  9.57237e-01  0.00000e+00
0084 -1.77734e-01  9.59741e-01  9.34151e-01  6.93103e-02 -2.27909e-02  0.00000e+00  7.50000e-01  9.49768e-01  0.00000e+00
0085 -1.73828e-01  9.53218e-01  9.23691e-01  8.06799e-02 -2.66415e-02  0.00000e+00  7.50000e-01  9.41576e-01  0.00000e+00
0086 -1.69922e-01  9.46144e-01  9.12409e-01  9.30564e-02 -3.08689e-02  0.00000e+00  7.50000e-01  9.32675e-01  0.00000e+00
0087 -1.66016e-01  9.38541e-01  9.00354e-01  1.06415e-01 -3.54737e-02  0.00000e+00  7.50000e-01  9.23088e-01  0.00000e+00
0088 -1.62109e-01  9.30435e-01  8.87580e-01  1.20722e-01 -4.04545e-02  0.00000e+00  7.50000e-01  9.12844e-01  0.00000e+00
0089 -1.58203e-01  9.21856e-01  8.74150e-01  1.35938e-01 -4.58076e-02  0.00000e+00  7.50000e-01  9.01977e-01  0.00000e+00
0090 -1.54297e-01  9.12838e-01  8.60129e-01  1.52018e-01 -5.15281e-02  0.00000e+00  7.50000e-01  8.90523e-01  0.00000e+00
0091 -1.50391e-01  9.03417e-01  8.45585e-01  1.68913e-01 -5.76103e-02  0.00000e+00  7.50000e-01  8.78522e-01  0.00000e+00
0092 -1.46484e-01  8.93627e-01  8.30586e-01  1.86574e-01 -6.40475e-02  0.00000e+00  7.50000e-01  8.66014e-01  0.00000e+00
0093 -1.42578e-01  8.83506e-01  8.15199e-01  2.04948e-01 -7.08329e-02  0.00000e+00  7.50000e-01  8.53041e-01  0.00000e+00
0094 -1.38672e-01  8.73089e-01  7.99489e-01  2.23984e-01 -7.79593e-02  0.00000e+00  7.50000e-01  8.39642e-01  0.00000e+00
0095 -1.34766e-01  8.62413e-01  7.83521e-01  2.43629e-01 -8.54199e-02  0.00000e+00  7.50000e-01  8.25857e-01  0.00000e+00
0096 -1.30859e-01  8.51511e-01  7.67353e-01  2.63835e-01 -9.32076e-02  0.00000e+00  7.50000e-01  8.11726e-01  0.00000e+00
0097 -1.26953e-01  8.40417e-01  7.51045e-01  2.84549e-01 -1.01316e-01  0.00000e+00  7.50000e-01  7.97286e-01  0.00000e+00
0098 -1.23047e-01  8.29165e-01  7.34649e-01  3.05723e-01 -1.09737e-01  0.00000e+00  7.50000e-01  7.82572e-01  0.00000e+00
0099 -1.19141e-01  8.17785e-01  7.18219e-01  3.27307e-01 -1.18465e-01  0.00000e+00  7.50000e-01  7.67620e-01  0.00000e+00
0100 -1.15234e-01  8.06308e-01  7.01802e-01  3.49251e-01 -1.27492e-01  0.00000e+00  7.50000e-01  7.52465e-01  0.00000e+00
0101 -1.11328e-01  7.94766e-01  6.85448e-01  3.71506e-01 -1.36811e-01  0.00000e+00  7.50000e-01  7.37141e-01  0.00000e+00
0102 -1.07422e-01  7.83190e-01  6.69200e-01  3.94019e-01 -1.46410e-01  0.00000e+00  7.50000e-01  7.21682e-01  0.00000e+00
0103 -1.03516e-01  7.71610e-01  6.53106e-01  4.16735e-01 -1.56281e-01  0.00000e+00  7.50000e-01  7.06125e-01  0.00000e+00
0104 -9.96094e-02  7.60061e-01  6.37210e-01  4.39591e-01 -1.66406e-01  0.00000e+00  7.50000e-01  6.90509e-01  0.00000e+00
0105 -9.57031e-02  7.48579e-01  6.21562e-01  4.62520e-01 -1.76769e-01  0.00000e+00  7.50000e-01  6.74875e-01  0.00000e+00
0106 -9.17969e-02  7.37205e-01  6.06213e-01  4.85443e-01 -1.87345e-01  0.00000e+00  7.50000e-01  6.59273e-01  0.00000e+00
0107 -8.78906e-02  7.25984e-01  5.91219e-01  5.08265e-01 -1.98100e-01  0.00000e+00  7.50000e-01  6.43759e-01  0.00000e+00
0108 -8.39844e-02  7.14970e-01  5.76649e-01  5.30873e-01 -2.08991e-01  0.00000e+00  7.50000e-01  6.28402e-01  0.00000e+00
0109 -8.00781e-02  7.04231e-01  5.62578e-01  5.53125e-01 -2.19958e-01  0.00000e+00  7.50000e-01  6.13286e-01  0.00000e+00
0110 -7.61719e-02  6.93847e-01  5.49103e-01  5.74845e-01 -2.30924e-01  0.00000e+00  7.50000e-01  5.98516e-01  0.00000e+00
0111 -7.22656e-02  6.83919e-01  5.36340e-01  5.95811e-01 -2.41788e-01  0.00000e+00  7.50000e-01  5.84220e-01  0.00000e+00
0112 -6.83594e-02  6.74573e-01  5.24434e-01  6.15744e-01 -2.52424e-01  0.00000e+00  7.50000e-01  5.70555e-01  0.00000e+00
0113 -6.44531e-02  6.65966e-01  5.13566e-01  6.34296e-01 -2.62689e-01  0.00000e+00  7.50000e-01  5.57701e-01  0.00000e+00
0114 -6.05469e-02  6.58300e-01  5.03969e-01  6.51042e-01 -2.72455e-01  0.00000e+00  7.50000e-01  5.45837e-01  0.00000e+00
0115 -5.66406e-02  6.51840e-01  4.95953e-01  6.65457e-01 -2.81717e-01  0.00000e+00  7.50000e-01  5.35062e-01  0.00000e+00
0116 -5.27344e-02  6.46999e-01  4.90016e-01  6.76855e-01 -2.90942e-01  0.00000e+00  7.50000e-01  5.25149e-01  0.00000e+00
0117 -4.88281e-02  6.44632e-01  4.87229e-01  6.84090e-01 -3.02191e-01  0.00000e+00  7.50000e-01  5.14750e-01  0.00000e+00
0118 -4.49219e-02  6.47020e-01  4.90608e-01  6.84518e-01 -3.22667e-01  0.00000e+00  7.50000e-01  4.98884e-01  0.00000e+00
0119 -4.10156e-02  6.60179e-01  5.09040e-01  6.71472e-01 -3.73725e-01  0.00000e+00  7.50000e-01  4.62124e-01  0.00000e+00
0120 -3.71094e-02  6.94358e-01  5.61051e-01  6.33522e-01 -4.98064e-01  0.00000e+00  7.50000e-01  3.70391e-01  0.00000e+00
0121 -3.32031e-02  7.48604e-01  6.49446e-01  5.68898e-01 -7.14564e-01  0.00000e+00  7.50000e-01  1.98558e-01  0.00000e+00
0122 -2.92969e-02  7.90015e-01  7.19637e-01  5.11975e-01 -9.47522e-01  0.00000e+00  7.50000e-01 -1.97079e-03  0.00000e+00
0123 -2.53906e-02  7.94894e-01  7.31715e-01  4.94278e-01 -1.12401e+00  0.00000e+00  7.50000e-01 -1.59564e-01  0.00000e+00
0124 -2.14844e-02  7.76747e-01  7.07095e-01  5.06307e-01 -1.24640e+00  0.00000e+00  7.50000e-01 -2.66275e-01  0.00000e+00
0125 -1.75781e-02  7.51754e-01  6.71908e-01  5.29449e-01 -1.33658e+00  0.00000e+00  7.50000e-01 -3.40838e-01  0.00000e+00
0126 -1.36719e-02  7.26714e-01  6.36986e-01  5.54503e-01 -1.40747e+00  0.00000e+00  7.50000e-01 -3.96277e-01  0.00000e+00
0127 -9.76562e-03  7.03701e-01  6.05472e-01  5.78392e-01 -1.46481e+00  0.00000e+00  7.50000e-01 -4.38855e-01  0.00000e+00
0128 -5.85938e-03  6.83466e-01  5.78360e-01  5.99917e-01 -1.51109e+00  0.00000e+00  7.50000e-01 -4.71621e-01  0.00000e+00
0129 -1.95312e-03  6.66411e-01  5.56082e-01  6.18362e-01 -1.54747e+00  0.00000e+00  7.50000e-01 -4.96270e-01  0.00000e+00
0130  1.95312e-03  6.52726e-01  5.38789e-01  6.33253e-01 -1.57469e+00  0.00000e+00  7.50000e-01 -5.13984e-01  0.00000e+00
0131  5.85938e-03  6.42333e-01  5.26309e-01  6.44410e-01 -1.59364e+00  0.00000e+00  7.50000e-01 -5.25862e-01  0.00000e+00
0132  9.76562e-03  6.34828e-01  5.18102e-01  6.52030e-01 -1.60565e+00  0.00000e+00  7.50000e-01 -5.33103e-01  0.00000e+00
0133  1.36719e-02  6.29507e-01  5.13306e-01  6.56681e-01 -1.61239e+00  0.00000e+00  7.50000e-01 -5.36983e-01  0.00000e+00
0134  1.75781e-02  6.25481e-01  5.10915e-01  6.59154e-01 -1.61561e+00  0.00000e+00  7.50000e-01 -5.38699e-01  0.00000e+00
0135  2.14844e-02  6.21827e-01  5.10003e-01  6.60246e-01 -1.61681e+00  0.00000e+00  7.50000e-01 -5.39201e-01  0.00000e+00
0136  2.53906e-02  6.17674e-01  5.09874e-01  6.60591e-01 -1.61702e+00  0.00000e+00  7.50000e-01 -5.39118e-01  0.00000e+00
0137  2.92969e-02  6.12207e-01  5.10095e-01  6.60598e-01 -1.61683e+00  0.00000e+00  7.50000e-01 -5.38804e-01  0.00000e+00
0138  3.32031e-02  6.04623e-01  5.10438e-01  6.60490e-01 -1.61654e+00  0.00000e+00  7.50000e-01 -5.38425e-01  0.00000e+00
0139  3.71094e-02  5.94124e-01  5.10802e-01  6.60369e-01 -1.61627e+00  0.00000e+00  7.50000e-01 -5.38048e-01  0.00000e+00
0140  4.10156e-02  5.79971e-01  5.11151e-01  6.60273e-01 -1.61606e+00  0.00000e+00  7.50000e-01 -5.37695e-01  0.00000e+00
0141  4.49219e-02  5.61616e-01  5.11475e-01  6.60214e-01 -1.61593e+00  0.00000e+00  7.50000e-01 -5.37367e-01  0.00000e+00
0142  4.88281e-02  5.38874e-01  5.11774e-01  6.60192e-01 -1.61587e+00  0.00000e+00  7.50000e-01 -5.37064e-01  0.00000e+00
0143  5.27344e-02  5.12057e-01  5.12050e-01  6.60205e-01 -1.61587e+00  0.00000e+00  7.50000e-01 -5.36781e-01  0.00000e+00
0144  5.66406e-02  4.82030e-01  5.12308e-01  6.60251e-01 -1.61594e+00  0.00000e+00  7.50000e-01 -5.36515e-01  0.00000e+00
0145  6.05469e-02  4.50145e-01  5.12551e-01  6.60326e-01 -1.61606e+00  0.00000e+00  7.50000e-01 -5.36263e-01  0.00000e+00
0146  6.44531e-02  4.18045e-01  5.12783e-01  6.60430e-01 -1.61623e+00  0.00000e+00  7.50000e-01 -5.36021e-01  0.00000e+00
0147  6.83594e-02  3.87411e-01  5.13005e-01  6.60559e-01 -1.61646e+00  0.00000e+00  7.50000e-01 -5.35786e-01  0.00000e+00
0148  7.22656e-02  3.59694e-01  5.13222e-01  6.60715e-01 -1.61674e+00  0.00000e+00  7.50000e-01 -5.35556e-01  0.00000e+00
0149  7.61719e-02  3.35918e-01  5.13438e-01  6.60895e-01 -1.61706e+00  0.00000e+00  7.50000e-01 -5.35326e-01  0.00000e+00
0150  8.00781e-02  3.16583e-01  5.13653e-01  6.61098e-01 -1.61743e+00  0.00000e+00  7.50000e-01 -5.35095e-01  0.00000e+00
0151  8.39844e-02  3.01690e-01  5.13871e-01  6.61323e-01 -1.61784e+00  0.00000e+00  7.50000e-01 -5.34861e-01  0.00000e+00
0152  8.78906e-02  2.90842e-01  5.14088e-01  6.61563e-01 -1.61829e+00  0.00000e+00  7.50000e-01 -5.34626e-01  0.00000e+00
0153  9.17969e-02  2.83392e-01  5.14297e-01  6.61806e-01 -1.61873e+00  0.00000e+00  7.50000e-01 -5.34398e-01  0.00000e+00
0154  9.57031e-02  2.78593e-01  5.14475e-01  6.62024e-01 -1.61912e+00  0.00000e+00  7.50000e-01 -5.34198e-01  0.00000e+00
0155  9.96094e-02  2.75714e-01  5.14578e-01  6.62160e-01 -1.61934e+00  0.00000e+00  7.50000e-01 -5.34075e-01  0.00000e+00
0156  1.03516e-01  2.74109e-01  5.14513e-01  6.62104e-01 -1.61916e+00  0.00000e+00  7.50000e-01 -5.34121e-01  0.00000e+00
0157  1.07422e-01  2.73238e-01  5.14101e-01  6.61642e-01 -1.61815e+00  0.00000e+00  7.50000e-01 -5.34517e-01  0.00000e+00
0158  1.11328e-01  2.72647e-01  5.13006e-01  6.60371e-01 -1.61548e+00  0.00000e+00  7.50000e-01 -5.35606e-01  0.00000e+00
0159  1.15234e-01  2.71906e-01  5.10603e-01  6.57534e-01 -1.60963e+00  0.00000e+00  7.50000e-01 -5.38011e-01  0.00000e+00
0160  1.19141e-01  2.70506e-01  5.05742e-01  6.51723e-01 -1.59784e+00  0.00000e+00  7.50000e-01 -5.42854e-01  0.00000e+00
0161  1.23047e-01  2.67707e-01  4.96345e-01  6.40330e-01 -1.57519e+00  0.00000e+00  7.50000e-01 -5.52072e-01  0.00000e+00
0162  1.26953e-01  2.62310e-01  4.78773e-01  6.18570e-01 -1.53316e+00  0.00000e+00  7.50000e-01 -5.68801e-01  0.00000e+00
0163  1.30859e-01  2.52399e-01  4.47090e-01  5.77931e-01 -1.45788e+00  0.00000e+00  7.50000e-01 -5.97538e-01  0.00000e+00
0164  1.34766e-01  2.35322e-01  3.93354e-01  5.04600e-01 -1.32945e+00  0.00000e+00  7.50000e-01 -6.43045e-01  0.00000e+00
0165  1.38672e-01  2.08923e-01  3.12651e-01  3.81572e-01 -1.12743e+00  0.00000e+00  7.50000e-01 -7.06187e-01  0.00000e+00
0166  1.42578e-01  1.75442e-01  2.16980e-01  2.04325e-01 -8.53621e-01  0.00000e+00  7.50000e-01 -7.76867e-01  0.00000e+00
0167  1.46484e-01  1.44935e-01  1.41078e-01  9.07468e-03 -5.68624e-01  0.00000e+00  7.50000e-01 -8.34313e-01  0.00000e+00
0168  1.50391e-01  1.27857e-01  1.06764e-01 -1.39041e-01 -3.64766e-01  0.00000e+00  7.50000e-01 -8.66113e-01  0.00000e+00
0169  1.54297e-01  1.20530e-01  9.48132e-02 -2.16861e-01 -2.61851e-01  0.00000e+00  7.50000e-01 -8.80025e-01  0.00000e+00
0170  1.58203e-01  1.17643e-01  9.07000e-02 -2.49710e-01 -2.19105e-01  0.00000e+00  7.50000e-01 -8.85438e-01  0.00000e+00
0171  1.62109e-01  1.16571e-01  8.92722e-02 -2.62247e-01 -2.02879e-01  0.00000e+00  7.50000e-01 -8.87443e-01  0.00000e+00
0172  1.66016e-01  1.16184e-01  8.87686e-02 -2.66819e-01 -1.96932e-01  0.00000e+00  7.50000e-01 -8.88178e-01  0.00000e+00
0173  1.69922e-01  1.16045e-01  8.85892e-02 -2.68443e-01 -1.94765e-01  0.00000e+00  7.50000e-01 -8.88454e-01  0.00000e+00
0174  1.73828e-01  1.15997e-01  8.85249e-02 -2.68996e-01 -1.93957e-01  0.00000e+00  7.50000e-01 -8.88568e-01  0.00000e+00
0175  1.77734e-01  1.15980e-01  8.85019e-02 -2.69158e-01 -1.93630e-01  0.00000e+00  7.50000e-01 -8.88627e-01  0.00000e+00
0176  1.81641e-01  1.15976e-01  8.84940e-02 -2.69171e-01 -1.93469e-01  0.00000e+00  7.50000e-01 -8.88670e-01  0.00000e+00
0177  1.85547e-01  1.15976e-01  8.84919e-02 -2.69122e-01 -1.93359e-01  0.00000e+00  7.50000e-01 -8.88711e-01  0.00000e+00
0178  1.89453e-01  1.15978e-01  8.84926e-02 -2.69036e-01 -1.93258e-01  0.00000e+00  7.50000e-01 -8.88757e-01  0.00000e+00
0179  1.93359e-01  1.15981e-01  8.84949e-02 -2.68921e-01 -1.93148e-01  0.00000e+00  7.50000e-01 -8.88811e-01  0.00000e+00
0180  1.97266e-01  1.15986e-01  8.84986e-02 -2.68777e-01 -1.93021e-01  0.00000e+00  7.50000e-01 -8.88877e-01  0.00000e+00
0181  2.01172e-01  1.15991e-01  8.85039e-02 -2.68599e-01 -1.92870e-01  0.00000e+00  7.50000e-01 -8.88955e-01  0.00000e+00
0182  2.05078e-01  1.15998e-01  8.85110e-02 -2.68379e-01 -1.92689e-01  0.00000e+00  7.50000e-01 -8.89051e-01  0.00000e+00
0183  2.08984e-01  1.16007e-01  8.85202e-02 -2.68110e-01 -1.92471e-01  0.00000e+00  7.50000e-01 -8.89166e-01  0.00000e+00
0184  2.12891e-01  1.16018e-01  8.85320e-02 -2.67782e-01 -1.92209e-01  0.00000e+00  7.50000e-01 -8.89306e-01  0.00000e+00
0185  2.16797e-01  1.16031e-01  8.85467e-02 -2.67383e-01 -1.91894e-01  0.00000e+00  7.50000e-01 -8.89475e-01  0.00000e+00
0186  2.20703e-01  1.16046e-01  8.85650e-02 -2.66900e-01 -1.91516e-01  0.00000e+00  7.50000e-01 -8.89679e-01  0.00000e+00
0187  2.24609e-01  1.16065e-01  8.85876e-02 -2.66317e-01 -1.91062e-01  0.00000e+00  7.50000e-01 -8.89923e-01  0.00000e+00
0188  2.28516e-01  1.16088e-01  8.86150e-02 -2.65618e-01 -1.90522e-01  0.00000e+00  7.50000e-01 -8.90216e-01  0.00000e+00
0189  2.32422e-01  1.16116e-01  8.86481e-02 -2.64783e-01 -1.89879e-01  0.00000e+00  7.50000e-01 -8.90564e-01  0.00000e+00
0190  2.36328e-01  1.16148e-01  8.86878e-02 -2.63793e-01 -1.89119e-01  0.00000e+00  7.50000e-01 -8.90977e-01  0.00000e+00
0191  2.40234e-01  1.16186e-01  8.87350e-02 -2.62624e-01 -1.88225e-01  0.00000e+00  7.50000e-01 -8.91464e-01  0.00000e+00
0192  2.44141e-01  1.16231e-01  8.87906e-02 -2.61253e-01 -1.87179e-01  0.00000e+00  7.50000e-01 -8.92033e-01  0.00000e+00
0193  2.48047e-01  1.16284e-01  8.88557e-02 -2.59657e-01 -1.85963e-01  0.00000e+00  7.50000e-01 -8.92696e-01  0.00000e+00
0194  2.51953e-01  1.16345e-01  8.89313e-02 -2.57810e-01 -1.84559e-01  0.00000e+00  7.50000e-01 -8.93463e-01  0.00000e+00
0195  2.55859e-01  1.16415e-01  8.90185e-02 -2.55687e-01 -1.82949e-01  0.00000e+00  7.50000e-01 -8.94343e-01  0.00000e+00
0196  2.59766e-01  1.16494e-01  8.91181e-02 -2.53266e-01 -1.81116e-01  0.00000e+00  7.50000e-01 -8.95347e-01  0.00000e+00
0197  2.63672e-01  1.16585e-01  8.92312e-02 -2.50522e-01 -1.79042e-01  0.00000e+00  7.50000e-01 -8.96484e-01  0.00000e+00
0198  2.67578e-01  1.16686e-01  8.93587e-02 -2.47437e-01 -1.76713e-01  0.00000e+00  7.50000e-01 -8.97762e-01  0.00000e+00
0199  2.71484e-01  1.16800e-01  8.95013e-02 -2.43991e-01 -1.74117e-01  0.00000e+00  7.50000e-01 -8.99189e-01  0.00000e+00
0200  2.75391e-01  1.16926e-01  8.96596e-02 -2.40170e-01 -1.71244e-01  0.00000e+00  7.50000e-01 -9.00771e-01  0.00000e+00
0201  2.79297e-01  1.17065e-01  8.98340e-02 -2.35963e-01 -1.68087e-01  0.00000e+00  7.50000e-01 -9.02513e-01  0.00000e+00
0202  2.83203e-01  1.17217e-01  9.00251e-02 -2.31364e-01 -1.64643e-01  0.00000e+00  7.50000e-01 -9.04417e-01  0.00000e+00
0203  2.87109e-01  1.17382e-01  9.02327e-02 -2.26371e-01 -1.60911e-01  0.00000e+00  7.50000e-01 -9.06484e-01  0.00000e+00
0204  2.91016e-01  1.17561e-01  9.04569e-02 -2.20986e-01 -1.56896e-01  0.00000e+00  7.50000e-01 -9.08712e-01  0.00000e+00
0205  2.94922e-01  1.17752e-01  9.06974e-02 -2.15217e-01 -1.52606e-01  0.00000e+00  7.50000e-01 -9.11100e-01  0.00000e+00
0206  2.98828e-01  1.17956e-01  9.09537e-02 -2.09077e-01 -1.48051e-01  0.00000e+00  7.50000e-01 -9.13641e-01  0.00000e+00
0207  3.02734e-01  1.18171e-01  9.12252e-02 -2.02583e-01 -1.43247e-01  0.00000e+00  7.50000e-01 -9.16327e-01  0.00000e+00
0208  3.06641e-01  1.18398e-01  9.15110e-02 -1.95758e-01 -1.38212e-01  0.00000e+00  7.50000e-01 -9.19151e-01  0.00000e+00
0209  3.10547e-01  1.18635e-01  9.18101e-02 -1.88628e-01 -1.32969e-01  0.00000e+00  7.50000e-01 -9.22101e-01  0.00000e+00
0210  3.14453e-01  1.18882e-01  9.21213e-02 -1.81223e-01 -1.27540e-01  0.00000e+00  7.50000e-01 -9.25164e-01  0.00000e+00
0211  3.18359e-01  1.19137e-01  9.24433e-02 -1.73577e-01 -1.21953e-01  0.00000e+00  7.50000e-01 -9.28326e-01  0.00000e+00
0212  3.22266e-01  1.19399e-01  9.27745e-02 -1.65727e-01 -1.16235e-01  0.00000e+00  7.50000e-01 -9.31573e-01  0.00000e+00
0213  3.26172e-01  1.19667e-01  9.31135e-02 -1.57712e-01 -1.10418e-01  0.00000e+00  7.50000e-01 -9.34887e-01  0.00000e+00
0214  3.30078e-01  1.19939e-01  9.34585e-02 -1.49573e-01 -1.04531e-01  0.00000e+00  7.50000e-01 -9.38252e-01  0.00000e+00
0215  3.33984e-01  1.20215e-01  9.38079e-02 -1.41353e-01 -9.86066e-02  0.00000e+00  7.50000e-01 -9.41651e-01  0.00000e+00
0216  3.37891e-01  1.20492e-01  9.41597e-02 -1.33096e-01 -9.26763e-02  0.00000e+00  7.50000e-01 -9.45064e-01  0.00000e+00
0217  3.41797e-01  1.20769e-01  9.45123e-02 -1.24845e-01 -8.67717e-02  0.00000e+00  7.50000e-01 -9.48474e-01  0.00000e+00
0218  3.45703e-01  1.21045e-01  9.48637e-02 -1.16644e-01 -8.09239e-02  0.00000e+00  7.50000e-01 -9.51863e-01  0.00000e+00
0219  3.49609e-01  1.21318e-01  9.52121e-02 -1.08536e-01 -7.51630e-02  0.00000e+00  7.50000e-01 -9.55213e-01  0.00000e+00
0220  3.53516e-01  1.21586e-01  9.55558e-02 -1.00564e-01 -6.95180e-02  0.00000e+00  7.50000e-01 -9.58507e-01  0.00000e+00
0221  3.57422e-01  1.21849e-01  9.58929e-02 -9.27671e-02 -6.40162e-02  0.00000e+00  7.50000e-01 -9.61728e-01  0.00000e+00
0222  3.61328e-01  1.22105e-01  9.62217e-02 -8.51837e-02 -5.86831e-02  0.00000e+00  7.50000e-01 -9.64860e-01  0.00000e+00
0223  3.65234e-01  1.22353e-01  9.65408e-02 -7.78495e-02 -5.35420e-02  0.00000e+00  7.50000e-01 -9.67889e-01  0.00000e+00
0224  3.69141e-01  1.22592e-01  9.68485e-02 -7.07969e-02 -4.86139e-02  0.00000e+00  7.50000e-01 -9.70801e-01  0.00000e+00
0225  3.73047e-01  1.22820e-01  9.71436e-02 -6.40548e-02 -4.39171e-02  0.00000e+00  7.50000e-01 -9.73584e-01  0.00000e+00
0226  3.76953e-01  1.23037e-01  9.74249e-02 -5.76485e-02 -3.94672e-02  0.00000e+00  7.50000e-01 -9.76229e-01  0.00000e+00
0227  3.80859e-01  1.23243e-01  9.76912e-02 -5.15990e-02 -3.52768e-02  0.00000e+00  7.50000e-01 -9.78726e-01  0.00000e+00
0228  3.84766e-01  1.23435e-01  9.79419e-02 -4.59227e-02 -3.13552e-02  0.00000e+00  7.50000e-01 -9.81068e-01  0.00000e+00
0229  3.88672e-01  1.23615e-01  9.81762e-02 -4.06317e-02 -2.77087e-02  0.00000e+00  7.50000e-01 -9.83251e-01  0.00000e+00
0230  3.92578e-01  1.23782e-01  9.83937e-02 -3.57332e-02 -2.43405e-02  0.00000e+00  7.50000e-01 -9.85271e-01  0.00000e+00
0231  3.96484e-01  1.23935e-01  9.85942e-02 -3.12295e-02 -2.12504e-02  0.00000e+00  7.50000e-01 -9.87129e-01  0.00000e+00
0232  4.00391e-01  1.24075e-01  9.87776e-02 -2.71186e-02 -1.84353e-02  0.00000e+00  7.50000e-01 -9.88824e-01  0.00000e+00
0233  4.04297e-01  1.24202e-01  9.89442e-02 -2.33938e-02 -1.58891e-02  0.00000e+00  7.50000e-01 -9.90360e-01  0.00000e+00
0234  4.08203e-01  1.24316e-01  9.90943e-02 -2.00443e-02 -1.36033e-02  0.00000e+00  7.50000e-01 -9.91741e-01  0.00000e+00
0235  4.12109e-01  1.24418e-01  9.92285e-02 -1.70557e-02 -1.15668e-02  0.00000e+00  7.50000e-01 -9.92973e-01  0.00000e+00
0236  4.16016e-01  1.24508e-01  9.93476e-02 -1.44102e-02 -9.76648e-03  0.00000e+00  7.50000e-01 -9.94063e-01  0.00000e+00
0237  4.19922e-01  1.24587e-01  9.94523e-02 -1.20874e-02 -8.18756e-03  0.00000e+00  7.50000e-01 -9.95021e-01  0.00000e+00
0238  4.23828e-01  1.24656e-01  9.95436e-02 -1.00647e-02 -6.81406e-03  0.00000e+00  7.50000e-01 -9.95854e-01  0.00000e+00
0239  4.27734e-01  1.24716e-01  9.96225e-02 -8.31799e-03 -5.62909e-03  0.00000e+00  7.50000e-01 -9.96574e-01  0.00000e+00
0240  4.31641e-01  1.24767e-01  9.96902e-02 -6.82254e-03 -4.61535e-03  0.00000e+00  7.50000e-01 -9.97190e-01  0.00000e+00
0241  4.35547e-01  1.24810e-01  9.97477e-02 -5.55317e-03 -3.75544e-03  0.00000e+00  7.50000e-01 -9.97713e-01  0.00000e+00
0242  4.39453e-01  1.24847e-01  9.97961e-02 -4.48507e-03 -3.03230e-03  0.00000e+00  7.50000e-01 -9.98153e-01  0.00000e+00
0243  4.43359e-01  1.24877e-01  9.98366e-02 -3.59419e-03 -2.42943e-03  0.00000e+00  7.50000e-01 -9.98520e-01  0.00000e+00
0244  4.47266e-01  1.24902e-01  9.98700e-02 -2.85766e-03 -1.93123e-03  0.00000e+00  7.50000e-01 -9.98823e-01  0.00000e+00
0245  4.51172e-01  1.24923e-01  9.98974e-02 -2.25414e-03 -1.52312e-03  0.00000e+00  7.50000e-01 -9.99072e-01  0.00000e+00
0246  4.55078e-01  1.24940e-01  9.99197e-02 -1.76398e-03 -1.19177e-03  0.00000e+00  7.50000e-01 -9.99274e-01  0.00000e+00
0247  4.58984e-01  1.24953e-01  9.99377e-02 -1.36943e-03 -9.25109e-04  0.00000e+00  7.50000e-01 -9.99436e-01  0.00000e+00
0248  4.62891e-01  1.24964e-01  9.99520e-02 -1.05466e-03 -7.12406e-04  0.00000e+00  7.50000e-01 -9.99566e-01  0.00000e+00
0249  4.66797e-01  1.24972e-01  9.99633e-02 -8.05754e-04 -5.44239e-04  0.00000e+00  7.50000e-01 -9.99668e-01  0.00000e+00
0250  4.70703e-01  1.24979e-01  9.99722e-02 -6.10679e-04 -4.12456e-04  0.00000e+00  7.50000e-01 -9.99749e-01  0.00000e+00
0251  4.74609e-01  1.24984e-01  9.99791e-02 -4.59139e-04 -3.10092e-04  0.00000e+00  7.50000e-01 -9.99811e-01  0.00000e+00
0252  4.78516e-01  1.24988e-01  9.99844e-02 -3.42451e-04 -2.31277e-04  0.00000e+00  7.50000e-01 -9.99859e-01  0.00000e+00
0253  4.82422e-01  1.24991e-01  9.99885e-02 -2.53386e-04 -1.71121e-04  0.00000e+00  7.50000e-01 -9.99896e-01  0.00000e+00
0254  4.86328e-01  1.24994e-01  9.99915e-02 -1.85994e-04 -1.25607e-04  0.00000e+00  7.50000e-01 -9.99923e-01  0.00000e+00
0255  4.90234e-01  1.24995e-01  9.99938e-02 -1.35444e-04 -9.14677e-05  0.00000e+00  7.50000e-01 -9.99944e-01  0.00000e+00
0256  4.94141e-01  1.24997e-01  9.99955e-02 -9.78525e-05 -6.60807e-05  0.00000e+00  7.50000e-01 -9.99960e-01  0.00000e+00
0257  4.98047e-01  1.24998e-01  9.99968e-02 -7.01366e-05 -4.73635e-05  0.00000e+00  7.50000e-01 -9.99971e-01  0.00000e+00
