1.5 146702.19945107787 251.67208443371868
2.5 44820.946651758 623.5067553026057
3.5 17545.70766169949 253.6209963879601
4.5 9418.489103443862 424.68558667686256
5.5 8599.569502497863 342.55010182181525
6.5 6248.7534151193795 276.4066875708026
7.5 2620.8092360117466 260.60939304556985
8.5 2037.3997914477272 202.89167271157672
9.5 1375.3857397075092 187.69282002760576
10.5 1013.2527403456379 217.05663664002594
11.5 1091.7583766531711 140.88822580763292
12.5 826.8065006446516 186.15376856773054
13.5 686.3987842097348 153.6725467031869
14.5 284.47943588631756 140.9967894352743
15.5 363.5544263661277 147.17245348185315
16.5 263.1770036586543 108.45355116863914
17.5 214.28736436612274 132.96351237401836
18.5 183.75898736839574 114.78733321903013
19.5 161.05797660463176 107.69449163124669
20.5 120.51070685080651 100.58412482418127
21.5 93.3744837259627 94.04682401914637
22.5 91.74831663323546 80.94005390660293
23.5 68.19011761926323 86.89837948916897
24.5 60.97236778689667 79.36361382271664
25.5 57.12194152554703 82.19648526477502
26.5 44.25198803585539 72.75419116604014
27.5 38.52383553632971 67.69626317526385
28.5 29.589426107571143 67.50784402101866
29.5 30.4420310773119 67.21722976299301
30.5 25.032513071602118 58.11413915682745
31.5 25.26908438799133 60.130443228165596
32.5 19.130803819833577 51.97037251335479
33.5 15.485954019882632 54.666016010678604
34.5 16.671036555668515 49.196951546491064
35.5 12.498096898175476 46.34896972555287
36.5 12.016313035704652 45.45611487631421
37.5 9.942328193129603 43.559712626255745
38.5 9.350903236138532 45.84264358547148
39.5 8.972201217544564 41.05381260525496
40.5 7.555731450236688 39.49559365327032
41.5 7.6529385886126295 39.59826813487627
42.5 6.55644727155735 37.90879324437946
43.5 6.235488019178146 37.86199886542283
44.5 5.627643178024039 35.022681751696105
45.5 4.293393370239926 34.063053181850194
46.5 4.8511122264971736 39.301418647247104
47.5 3.7488593253246303 32.26529997914372
48.5 4.234032237511638 33.59147128224383
49.5 3.406754389154362 31.772700993773782
50.5 3.635518883518195 34.8386731673894
51.5 3.5665681037902295 30.673003828932302
52.5 2.724761187819113 28.04815842550415
53.5 2.72129035789082 32.19252790941617
54.5 2.5438895229365848 28.076090236244163
55.5 2.5616565932885917 33.376658406734634
56.5 2.319011381953133 28.37536532285374
57.5 2.2738942155759734 29.06533713144907
58.5 2.0642874100194692 28.52452450867542
59.5 2.0217285423197726 28.708867049085583
60.5 2.003892895686011 26.275257525793922
61.5 1.668526755281645 24.95221384735556
62.5 1.6402504590129392 23.299925586450588
63.5 1.4556873004507163 24.827976584724297
64.5 1.3978940609746473 21.07094940654187
65.5 1.3461619513824026 22.26985822460809
66.5 1.2231029248034089 21.299465602223705
67.5 1.2733646646083019 21.167554159696767
68.5 1.2512601680162356 21.917859535904675
69.5 1.1367077314018772 21.30148156808931
70.5 1.2074309988882646 22.97374971233095
71.5 0.9389293336587456 21.63262982126594
72.5 1.0551196421060616 23.241394580485572
73.5 0.9587811146633787 21.313091037960355
74.5 0.8212053147612552 21.554709831343583
75.5 0.8742618113176077 21.79292058261263
76.5 0.7931104031472707 20.31757912376452
77.5 0.9224337191711773 22.21364891866061
78.5 0.8247579624464401 20.594936406427856
79.5 0.7340463372438856 20.016427891983056
80.5 0.7030893522470447 19.95849216600457
81.5 0.6547004994952763 18.434354012385793
82.5 0.747833700182137 20.14039845770951
83.5 0.6227221688232183 18.888671890093732
84.5 0.6022418775581981 19.893411629936214
85.5 0.6064905409867056 18.91694746930416
86.5 0.6086096566914675 19.464707245991267
87.5 0.5921018581809557 20.161103292753932
88.5 0.4477762794069795 17.95060302499738
89.5 0.5398303553390231 20.414363569160848
90.5 0.5034141070864178 18.266352426751553
91.5 0.4465077498814981 17.82961169552629
92.5 0.4901370867754612 17.307877356031725
93.5 0.3870560935277433 17.015557626583615
94.5 0.42809438055995375 17.549768220502912
95.5 0.39974149539893056 17.287488064747265
96.5 0.3880864936200431 16.787427938769234
97.5 0.3646992026805818 17.43441416188528
98.5 0.35094670056989896 16.085886968778006
99.5 0.3577507509268015 17.132953260572872
100.5 0.29759223501992677 14.811454459830953
101.5 0.3164457752367281 16.93631321790312
102.5 0.3052225817402895 16.044339972848277
103.5 0.2950385111284326 16.014542283385303
104.5 0.29706670406019364 15.18340028267735
105.5 0.2630487109326707 15.302090270591544
106.5 0.2989632409475424 16.537822986149877
107.5 0.26262430923487146 15.455873129058244
108.5 0.23427587704040204 15.0144225755359
109.5 0.23713304998114212 14.684111620154518
110.5 0.20782354395209962 14.741902520284793
111.5 0.24236242143632813 15.184901582887539
112.5 0.2106180495271684 14.594673500379619
113.5 0.20274629471708394 13.863874432242124
114.5 0.18698103038593367 13.664526936535813
115.5 0.19457069040707217 13.493687434602817
116.5 0.18231222917825793 13.614651503139443
117.5 0.1765560645716096 13.491566983943322
118.5 0.15418480949641405 13.450325707121058
119.5 0.16406908739438025 12.69238355837422
120.5 0.1491426421791366 12.992578729264732
121.5 0.15736535680171687 12.550830745272677
122.5 0.16094759744552184 13.144075531525004
123.5 0.1574979726247674 14.118978499079715
124.5 0.13089862443722539 12.458888831353393
125.5 0.14874802485966315 13.840664336950667
126.5 0.13902088212118902 12.209911312453155
127.5 0.13396976936848606 13.200804092923281
128.5 0.1352952777145142 12.850185289475977
129.5 0.11907025552822631 12.201020144840218
130.5 0.12360193700210986 12.989599208994559
131.5 0.1146943701955276 12.30783403303596
132.5 0.11932153959391237 12.20175889322977
133.5 0.09738824564759055 11.751740490265554
134.5 0.0947013599304576 10.27522272991376
135.5 0.10394283187140141 11.823410771172519
136.5 0.10176930707214711 11.199552440735335
137.5 0.09859982360704815 11.708844783459718
138.5 0.08564293367126667 11.017598969026544
139.5 0.08224071890340309 10.822690277859039
140.5 0.09377431775803272 11.625213503228098
141.5 0.0888507649457525 11.197260000906937
142.5 0.08694850514015437 11.253843771694843
143.5 0.07892467858252603 11.132620459957606
144.5 0.08750273699970171 11.16380823613038
145.5 0.09011079151029189 11.626254324581499
146.5 0.07466707792033629 10.640189605430447
147.5 0.07386001988449534 10.694235114739072
148.5 0.06899490091153773 10.764781993289748
149.5 0.07042260657255703 10.680044627050199
150.5 0.07001566266260956 10.720638568090667
151.5 0.061682108533122004 9.847160549544599
152.5 0.06301138509310368 10.510905593140507
153.5 0.05701212341144119 9.71165016760593
154.5 0.061295075457715426 10.48810827450245
155.5 0.05693004821855038 9.476371109079585
156.5 0.056149831364174244 9.667512708559233
157.5 0.05221614877705305 9.809511643509968
158.5 0.048218163055966684 9.083527496309262
159.5 0.05261092278748751 9.578341965811989
160.5 0.050405039752081465 9.40572802512139
161.5 0.05172570575229572 9.59465741038106
162.5 0.044066076880250375 9.008952820403897
163.5 0.04337475557919626 8.659756774588548
164.5 0.04755724872971951 9.382093698554737
165.5 0.04761317658865173 8.999206728015077
166.5 0.04296421833676297 9.391684742889382
167.5 0.038287937125613306 8.409149154278683
168.5 0.03478329238323202 8.089584338175285
169.5 0.04120837646857878 8.742380098980284
170.5 0.0375981081320471 8.547587427790718
171.5 0.03825264690209001 8.352772027428351
172.5 0.03226218447104875 8.019586945738201
173.5 0.03458280028370031 8.14462624872733
174.5 0.03602807048798311 8.21888528361758
175.5 0.031844156050795824 7.638313874936672
176.5 0.03297951188238195 8.181537381302102
177.5 0.02966240283905588 7.542979955026952
178.5 0.030256195704092687 8.02083258305631
179.5 0.03184417633100794 7.933898546470676
180.5 0.02850051866170373 7.541281662021344
181.5 0.030611185737969775 7.8331145456645235
182.5 0.028502994896584484 7.704437591314455
183.5 0.029884224216315137 7.911968923897803
184.5 0.027800603242349384 7.521119141280394
185.5 0.027558694312734826 7.463940246069264
186.5 0.026826398100106365 7.714235751534376
187.5 0.024884585738280812 7.1288332413215665
188.5 0.02521904132362586 7.661778567110174
189.5 0.024812098597195985 7.097491384936937
190.5 0.024088495210959536 7.267131104135544
191.5 0.023152502225241407 7.3090522537105045
192.5 0.020892955507026287 6.705447468407807
193.5 0.02291610159904507 7.37068987994814
194.5 0.022515415303772802 6.813427041602594
195.5 0.021858681988404387 7.315416117776856
196.5 0.022087917762138205 6.964276939111653
197.5 0.01777070639755503 6.675137024040202
198.5 0.02244314608822906 7.092558318013732
199.5 0.01917349701041404 6.869002352795528
200.5 0.021769139031635604 7.228401741790574
201.5 0.017336236364820904 6.678619214300033
202.5 0.019076594621675907 6.691846526047155
203.5 0.01991287134985993 7.160609776506853
204.5 0.018690736748051266 6.4866349390466125
205.5 0.01809673044396298 6.995322300765575
206.5 0.016807839693781183 6.303479248778941
207.5 0.016532170724545707 6.641459061436327
208.5 0.01748115230792749 6.5870375216140005
209.5 0.015468552751454732 6.319472903759321
210.5 0.015418842624672146 6.26234730575594
211.5 0.013925418627166362 6.05298200856335
212.5 0.014426673583119975 6.254190195734547
213.5 0.015084525546150758 6.0538965962755364
214.5 0.013062025350249178 6.121440107240242
215.5 0.013251436095158808 5.7435787309168225
216.5 0.01258555044162059 5.986071854330763
217.5 0.013600584162950808 6.0251875576714315
218.5 0.012788673005189174 5.874082983630563
219.5 0.013710575708240233 6.106433663432046
220.5 0.01160774281695714 6.022271805595834
221.5 0.012460220224667144 5.890041314975626
222.5 0.013720469553578899 6.2439401713808715
223.5 0.01236404758968262 5.848190207399699
224.5 0.012390009891745685 6.190083287787507
225.5 0.012246442875621356 5.758826002676148
226.5 0.010858711178299642 5.846051282370951
227.5 0.012922156105796872 5.92739933803342
228.5 0.011783326433658953 5.839492256425595
229.5 0.011946383263963627 6.051515212424137
230.5 0.010420051598978193 5.42030053666637
231.5 0.01066923749085462 5.537787635741257
232.5 0.011172612084637584 5.635675353350384
233.5 0.010181323017088312 5.4611947937377225
234.5 0.010282762911370438 5.693656025951935
235.5 0.008673581134418237 5.230142857541516
236.5 0.00975538534971705 5.381065839070279
237.5 0.009788087953784913 5.511434684595947
238.5 0.009265822236251765 5.1015341485369685
239.5 0.008802865810587781 5.498147223065644
240.5 0.008527936424333884 4.986450852903541
241.5 0.009341722590120543 5.586911691156768
242.5 0.009632210267506082 5.349127333274907
243.5 0.008229800470788692 5.229213441616869
244.5 0.008984859976826801 5.310406775331588
245.5 0.007597145066794267 4.906364807288726
246.5 0.009412359220776368 5.487740360390394
247.5 0.00807929464208163 5.090533966464455
248.5 0.008506320907095844 5.109444433914152
249.5 0.007837460334164199 5.066352159092435
250.5 0.007279258724569739 4.762213519388204
251.5 0.007752552505585377 5.072188132639622
252.5 0.007173516654542712 4.716262871643364
253.5 0.007103393659749349 4.875570911404706
254.5 0.00683791353537312 4.729442920970071
255.5 0.006260721057056589 4.62295857560024
256.5 0.0066386255989157265 4.620205915314518
257.5 0.006120034391894947 4.429348239099994
258.5 0.006353964893214954 4.671868888003112
259.5 0.005660829111240106 4.385630833908436
260.5 0.005771506624564387 4.508616297202139
261.5 0.0060854867082786625 4.466698554123615
262.5 0.0057383894487616025 4.358964597744009
263.5 0.005973636236019937 4.528538239948526
264.5 0.005364418897006534 4.252626452142893
265.5 0.006010082575827244 4.582412808546987
266.5 0.005790015927117544 4.405342803106588
267.5 0.005798443021985887 4.286637899269714
268.5 0.005481929007317357 4.408975600667583
269.5 0.005097435428886373 4.24549776736511
270.5 0.005255991770624158 4.3557744812535795
271.5 0.005422175245118519 4.271906955051865
272.5 0.0052562492876764965 4.312125010698493
273.5 0.005055512615251253 4.24501382535068
274.5 0.004253663758054992 4.01737346099325
275.5 0.005028140546780933 4.268724459638365
276.5 0.004614824394774864 4.072103156485102
277.5 0.00484249871308653 4.186272034768132
278.5 0.004117818376260195 3.9514105904883055
279.5 0.004213830760970146 3.873603959210829
280.5 0.004591133024631649 4.160056686210179
281.5 0.004312103069384145 3.813639131609716
282.5 0.004477480346811856 4.074161868689989
283.5 0.004029626120280059 3.8829618325113797
284.5 0.0040965666907708705 3.990582525857006
285.5 0.004333636567903056 3.9970371977990267
286.5 0.00404442745732073 3.8030286575111054
287.5 0.004383203632521652 4.059468555409969
288.5 0.0038234711153776035 3.7792524830748206
289.5 0.003907874493028982 3.873706594751945
290.5 0.004059726022224278 3.9352555165147862
291.5 0.0036912743882470725 3.6100294193349316
292.5 0.004159143945165722 4.047476727768263
293.5 0.003279931960166532 3.666024505336231
294.5 0.0035536646711042006 3.716584973604051
295.5 0.0034236662749840005 3.696865824552968
296.5 0.0036272184428496057 3.6878985628190044
297.5 0.003218482895918904 3.719070106900097
298.5 0.0029597041500897753 3.391249398066799
299.5 0.0031526676894416145 3.5937638167824257
300.5 0.0031182966359738756 3.427855683472099
301.5 0.003088642146102646 3.524535197442366
302.5 0.0031351596750126007 3.5456458898674503
303.5 0.00262210501068185 3.31670352904884
304.5 0.0030688483878405087 3.4836363287406655
305.5 0.002926580862557998 3.4887375066736035
306.5 0.002922034978773201 3.430925527606038
307.5 0.0028204346439143343 3.427661524546937
308.5 0.0026065545427317637 3.256042152400532
309.5 0.002883312305779556 3.5597793601608476
310.5 0.0025456578422781255 3.2468023244648596
311.5 0.0028121572173682705 3.4065297235125684
312.5 0.0024037675092908137 3.218312431205093
313.5 0.0024653287523423544 3.2155704375798466
314.5 0.0024764212199324363 3.2873713559213806
315.5 0.0024891228996615365 3.1613226023223797
316.5 0.0023783596713603697 3.1702149523759964
317.5 0.0022695055390919996 3.0824826733370077
318.5 0.0022299530643752783 3.106474752717809
319.5 0.0023244608958530918 3.1064401366468446
320.5 0.0021504101460405236 3.0432290783920015
321.5 0.0023738491163677548 3.082288586247524
322.5 0.002018897366322581 3.0122812728130053
323.5 0.0021987191791847187 3.0543858853836605
324.5 0.002070667755830028 2.993945362766026
325.5 0.0023209949503107097 3.084932493252288
326.5 0.0020828456615936677 3.0582885633830323
327.5 0.002026492225500444 2.988501115717622
328.5 0.0020463226541124237 3.092566989935545
329.5 0.0020353212732328423 2.910000097020479
330.5 0.00211686610079266 3.0291572620880802
331.5 0.001993967445684713 2.939516156592786
332.5 0.0018217847826603496 2.828240061018332
333.5 0.002054588472291229 3.0606012511136167
334.5 0.0018718707459499536 2.7797109320083164
335.5 0.0019331028781489601 2.9101764211865797
336.5 0.0017504724525056236 2.7542338916981284
337.5 0.001655081821021665 2.699218704117756
338.5 0.001864654824734474 2.9349356181806225
339.5 0.00164659464230463 2.714862145417011
340.5 0.0017720080523544028 2.8213172657106345
341.5 0.001525618682881403 2.685520488333721
342.5 0.001565907110438516 2.620763044644126
343.5 0.0016124647471482817 2.80486246673875
344.5 0.0015554011644114088 2.608344273995156
345.5 0.0016156777503365067 2.80320007754374
346.5 0.001426864552947003 2.5726767188583457
347.5 0.0014700098856994075 2.7089412161677666
348.5 0.0015264683240459919 2.650742517694658
349.5 0.0014286759950323446 2.5679861156346493
350.5 0.0016016034603069593 2.74364056778432
351.5 0.0013735803545101254 2.6111528614452792
352.5 0.001430211474524626 2.6308063469375567
353.5 0.0014272397667680233 2.605010629461061
354.5 0.0014626883488259136 2.5528918319733265
355.5 0.0013941414596264682 2.615772481218853
356.5 0.001226176883540302 2.4313153284565177
357.5 0.001328695081741025 2.6070080156714486
358.5 0.0012047314829726208 2.414128154538318
359.5 0.0012846511621123584 2.443687080686925
360.5 0.001218302548005752 2.4890751332164736
361.5 0.001067930300023494 2.329026169252578
362.5 0.0011869272685452762 2.48368019441933
363.5 0.001154276960494872 2.3304147016160384
364.5 0.0011640024274359511 2.452812146815418
365.5 0.0011618792362643971 2.377397720051799
366.5 0.0010677504573127859 2.350836648638963
367.5 0.00115976312733547 2.402055500423193
368.5 0.0010729827470074525 2.358418674050471
369.5 0.0012129845610732667 2.4708007001494336
370.5 0.0010681864482028098 2.3436876543602594
371.5 0.0011013798835370337 2.3258289820357563
372.5 0.0010731668984589478 2.3463754833920776
373.5 0.001093633288522391 2.274775981866192
374.5 0.0011187908314450863 2.4162371982481727
375.5 0.00099846423214265 2.2267274271553426
376.5 0.000990994456880709 2.245892695041613
377.5 0.0010175837391229235 2.266538289406084
378.5 0.0009244347604438529 2.148589943901632
379.5 0.0010275870184006208 2.269063819773649
380.5 0.0008745838142756269 2.097493463264845
381.5 0.0009206835099218047 2.23132506839582
382.5 0.0009034616326126929 2.176121162909447
383.5 0.0009034599419008365 2.1707916959256215
384.5 0.0009035234877708225 2.1888965187679608
385.5 0.0008313294719268496 2.114938757432308
386.5 0.0009041155387223892 2.2121898113237792
387.5 0.0008404093143540925 2.1048594373340075
388.5 0.0009104351764609711 2.169730344669306
389.5 0.0008777512984874383 2.153191163033407
390.5 0.0008291675230767502 2.0774968566414413
391.5 0.0008590461346830903 2.184809565929969
392.5 0.0008220296855909098 2.054315494467862
393.5 0.0008332193359837617 2.098599356425842
394.5 0.0008025194867393143 2.080232347108277
395.5 0.0007271910481722189 1.9668145497191603
396.5 0.0007721949003424126 2.0601058390798865
397.5 0.0007086752527163866 1.9191843386606555
398.5 0.000779990694413112 2.0341207712555827
399.5 0.0006864411802250359 1.890681310833496
400.5 0.0006482150805128511 1.8878356648739374
401.5 0.000672632609975899 1.9489769237381096
402.5 0.0006416318114963039 1.889501320968649
403.5 0.0007128822734766166 1.9970693389042649
404.5 0.0006274982723194666 1.8873042091571945
405.5 0.0006377207476420378 1.9027752157882043
406.5 0.0006568995625737739 1.9313766698293109
407.5 0.0006325152816387357 1.8354669398385686
408.5 0.0006952221934892083 1.9780783236791155
409.5 0.0006279678097020178 1.8580227310704878
410.5 0.0006384939130895797 1.9328729869506196
411.5 0.0006348460924996856 1.9111858803070525
412.5 0.0006442708765294534 1.89030683216798
413.5 0.0006241215291586735 1.8598399132612817
414.5 0.0006009560930630521 1.8224250146587346
415.5 0.0006068658082708745 1.900543066181772
416.5 0.0005687200554610635 1.7705366286642878
417.5 0.0005764810871277307 1.8058555080078067
418.5 0.0005608371956685404 1.737114411604955
419.5 0.0005352984525862493 1.7500509150864716
420.5 0.0005462125626953126 1.7831965929356297
421.5 0.0005187248935923972 1.7244190628814404
422.5 0.0005535101159371025 1.794101287752793
423.5 0.000515122905172413 1.7561663517791
424.5 0.0005097006072380128 1.757188439206258
425.5 0.0005096310352340906 1.769827697108696
426.5 0.0004976179728828244 1.7147849074585395
427.5 0.0005350659868932303 1.8017998038209393
428.5 0.0005074007307672721 1.7419289924298353
429.5 0.0004940838093060978 1.7463789302305615
430.5 0.00049513997277045 1.7150991719994106
431.5 0.0004813048667136815 1.665287162429762
432.5 0.0005227385723621544 1.7834372440446546
433.5 0.00046710763050420014 1.6491944387749808
434.5 0.00048668930749961307 1.7133298549851244
435.5 0.00045592406050479586 1.6230504709883466
436.5 0.00045778123739439856 1.6407216626043009
437.5 0.0004753855921769513 1.6635169565457717
438.5 0.00043530150087275264 1.6035356562722785
439.5 0.00043432159464750733 1.627568762711503
440.5 0.0004204256779397377 1.5626495277632335
441.5 0.00042422121446178873 1.5975290982371193
442.5 0.00042243459143351096 1.6011296804052266
443.5 0.00038131993631615945 1.5329858835236632
444.5 0.0004030974669303698 1.6393654617976552
445.5 0.0003798781001706138 1.538085722237082
446.5 0.0004060502289737212 1.617032865035557
447.5 0.0003927881676855986 1.5619130099963976
448.5 0.00038101750523525174 1.521923057609825
449.5 0.0003921715553214807 1.622743701306644
450.5 0.0003806001119868812 1.5399311332507994
451.5 0.00038084543508045657 1.5581147350806481
452.5 0.0003760241738310314 1.5107070223241423
453.5 0.0003639611467057731 1.5091393125473171
454.5 0.00037167719263792384 1.5179726849572661
455.5 0.0003514596892591484 1.4743459344047696
456.5 0.0003840353022357939 1.5417032604550491
457.5 0.0003442368866642293 1.469550425303731
458.5 0.00034322521072011183 1.4625860539993139
459.5 0.0003342053442888106 1.4620416672467722
460.5 0.0003336305453518616 1.4351395273645378
461.5 0.0003414489197968291 1.5128251441254428
462.5 0.0003209078486327146 1.426623494351501
463.5 0.00031535291282800294 1.49166979760132
464.5 0.0003177486231248173 1.4656534078689933
465.5 0.00031295760644000096 1.4741966467893848
466.5 0.00033485064993371767 1.498899917714041
467.5 0.00030316235227298915 1.4173304504316246
468.5 0.0003088239488133961 1.4654721281876824
469.5 0.0003082289067726956 1.4392989531459939
470.5 0.00031551451617393636 1.4548074843129402
471.5 0.00031682691498417966 1.4406742603634948
472.5 0.0003001907002417142 1.4000569155710212
473.5 0.00030123603709855825 1.424761073604361
474.5 0.0002985206035720076 1.418226458239528
475.5 0.00029810950305716435 1.3935650315712311
476.5 0.0002932183800067315 1.3646669802643483
477.5 0.0002716713046923135 1.319045078381503
478.5 0.0002786253474460305 1.418680149380692
479.5 0.0002715506724438435 1.3421851233114919
480.5 0.0002779300017409892 1.4099902586687685
481.5 0.000279827562602438 1.3833434155589373
482.5 0.00027100063050209755 1.4045092629444575
483.5 0.00026351729690979753 1.367335562464823
484.5 0.00025684094404972 1.3415017205849686
485.5 0.0002729347797615751 1.403456317391832
486.5 0.0002606565642412249 1.3501771202119737
487.5 0.00026878826940084294 1.4114875653263743
488.5 0.000264774765054434 1.375245232899017
489.5 0.0002497779501650561 1.3167114569527318
490.5 0.00026181452498476527 1.3727833706196786
491.5 0.00025262262933470174 1.3419099407242205
492.5 0.0002602545952444769 1.3672802082799125
493.5 0.00025214258095190633 1.361225744219574
494.5 0.00025106648614263465 1.3148497878257552
495.5 0.00025222591590533515 1.3596510884884951
496.5 0.00024014874687630422 1.2870761388105625
497.5 0.00023156839387307855 1.318783085186179
498.5 0.0002330817537458369 1.2883336358670143
499.5 0.00021963346654098228 1.27534177626552
500.5 0.00022505896782038225 1.2809411489367504
501.5 0.00021441077195286649 1.2656638123738415
502.5 0.00022063567859521448 1.2964802522698542
503.5 0.0002165657097939116 1.2951584971810632
504.5 0.0002291890098581496 1.3151782896795785
505.5 0.00022403522119831287 1.3060418189579996
506.5 0.00021930593768827099 1.2875661548951456
507.5 0.00022090359223967386 1.3106764443508563
508.5 0.0002143720472848848 1.2764633643366665
509.5 0.0002182353478943332 1.2912069901255514
510.5 0.00021571717759372332 1.2691425420360773
