   6.0507299809475085E-004   1.0000002453791790     
   1.2101459961899072E-003   1.0000007358150567     
   1.8152189962281238E-003   1.0000012261273685     
   2.4202920001515863E-003   1.0000017163043333     
   3.0253650099019654E-003   1.0000022063341749     
   3.6304380274203704E-003   1.0000026962051236     
   4.2355110546473014E-003   1.0000031859054159     
   4.8405840935226031E-003   1.0000036754232950     
   5.4456571459854195E-003   1.0000041647470108     
   6.0507302139741455E-003   1.0000046538648197     
   6.6558032994263813E-003   1.0000051427649868     
   7.2608763849388658E-003   1.0000056314357761     
   7.8659494723879401E-003   1.0000061198654602     
   8.4710225637136816E-003   1.0000066080423267     
   9.0760956608556525E-003   1.0000070959546732     
   9.6811687657528539E-003   1.0000075835908049     
   1.0286241880343680E-002   1.0000080709390371     
   1.0891315006565868E-002   1.0000085579876936     
   1.1496388146356456E-002   1.0000090447251082     
   1.2101461301651732E-002   1.0000095311396247     
   1.2706534474387193E-002   1.0000100172195974     
   1.3311607647242100E-002   1.0000105029533823     
   1.3916680822027048E-002   1.0000109883293473     
   1.4521754000680006E-002   1.0000114733358789     
   1.5126827185138430E-002   1.0000119579613742     
   1.5731900377339212E-002   1.0000124421942429     
   1.6336973579218639E-002   1.0000129260229054     
   1.6942046792712342E-002   1.0000134094357955     
   1.7547120019755252E-002   1.0000138924213589     
   1.8152193262281551E-002   1.0000143749680537     
   1.8757266522224630E-002   1.0000148570643512     
   1.9362339782345247E-002   1.0000153386987285     
   1.9967413044389235E-002   1.0000158198596762     
   2.0572486310292459E-002   1.0000163005357061     
   2.1177559581990260E-002   1.0000167807153444     
   2.1782632861417427E-002   1.0000172603871313     
   2.2387706150508137E-002   1.0000177395396221     
   2.2992779451195915E-002   1.0000182181613866     
   2.3597852765413589E-002   1.0000186962410100     
   2.4202926095093235E-002   1.0000191737670927     
   2.4807999442166138E-002   1.0000196507282513     
   2.5413072789473152E-002   1.0000201271131104     
   2.6018146138696709E-002   1.0000206029103111     
   2.6623219491770562E-002   1.0000210781085181     
   2.7228292850627948E-002   1.0000215526964138     
   2.7833366217201547E-002   1.0000220266626969     
   2.8438439593423431E-002   1.0000224999960836     
   2.9043512981225022E-002   1.0000229726853083     
   2.9648586382537034E-002   1.0000234447191225     
   3.0253659799289449E-002   1.0000239160862963     
   3.0858733233411442E-002   1.0000243867756180     
   3.1463806667822253E-002   1.0000248567758871     
   3.2068880104142584E-002   1.0000253260759226     
   3.2673953544304080E-002   1.0000257946645692     
   3.3279026990237874E-002   1.0000262625306917     
   3.3884100443874542E-002   1.0000267296631749     
   3.4489173907144052E-002   1.0000271960509228     
   3.5094247381975717E-002   1.0000276616828607     
   3.5699320870298146E-002   1.0000281265479334     
   3.6304394374039213E-002   1.0000285906351074     
   3.6909467895126002E-002   1.0000290539333694     
   3.7514541416554179E-002   1.0000295164317210     
   3.8119614939884638E-002   1.0000299781191848     
   3.8724688467046922E-002   1.0000304389848127     
   3.9329761999970056E-002   1.0000308990176783     
   3.9934835540582511E-002   1.0000313582068783     
   4.0539909090812148E-002   1.0000318165415318     
   4.1144982652586176E-002   1.0000322740107805     
   4.1750056227831109E-002   1.0000327306037895     
   4.2355129818472718E-002   1.0000331863097474     
   4.2960203426435979E-002   1.0000336411178656     
   4.3565277034790885E-002   1.0000340950173736     
   4.4170350645040601E-002   1.0000345479975241     
   4.4775424259112573E-002   1.0000350000476015     
   4.5380497878933716E-002   1.0000354511569149     
   4.5985571506430400E-002   1.0000359013147986     
   4.6590645143528384E-002   1.0000363505106122     
   4.7195718792152778E-002   1.0000367987337400     
   4.7800792454227997E-002   1.0000372459735927     
   4.8405866131677709E-002   1.0000376922196064     
   4.9010939826424786E-002   1.0000381374612441     
   4.9616013521611366E-002   1.0000385816879871     
   5.0221087218685054E-002   1.0000390248893447     
   5.0826160919571185E-002   1.0000394670548589     
   5.1431234626194582E-002   1.0000399081740996     
   5.2036308340479509E-002   1.0000403482366638     
   5.2641382064349630E-002   1.0000407872321766     
   5.3246455799727949E-002   1.0000412251502904     
   5.3851529548536788E-002   1.0000416619806864     
   5.4456603312697714E-002   1.0000420977130737     
   5.5061677094131505E-002   1.0000425323371904     
   5.5666750876050275E-002   1.0000429658427961     
   5.6271824659848216E-002   1.0000433982196801     
   5.6876898447448559E-002   1.0000438294576675     
   5.7481972240774032E-002   1.0000442595466135     
   5.8087046041746797E-002   1.0000446884764023     
   5.8692119852288421E-002   1.0000451162369490     
   5.9297193674319820E-002   1.0000455428181989     
   5.9902267509761215E-002   1.0000459682101277     
   6.0507341360532076E-002   1.0000463924027414     
   6.1112415228551098E-002   1.0000468153860778     
   6.1717489097098302E-002   1.0000472371501989     
   6.2322562967516516E-002   1.0000476576851982     
   6.2927636841726878E-002   1.0000480769812079     
   6.3532710721650010E-002   1.0000484950283917     
   6.4137784609205994E-002   1.0000489118169460     
   6.4742858506314296E-002   1.0000493273370989     
   6.5347932414893742E-002   1.0000497415791121     
   6.5953006336862463E-002   1.0000501545332792     
   6.6558080274137829E-002   1.0000505661899275     
   6.7163154228636446E-002   1.0000509765394177     
   6.7768228183704399E-002   1.0000513855721369     
   6.8373302140635001E-002   1.0000517932785074     
   6.8978376101347300E-002   1.0000521996489899     
   6.9583450067759831E-002   1.0000526046740812     
   7.0188524041790573E-002   1.0000530083443118     
   7.0793598025356910E-002   1.0000534106502468     
   7.1398672020375573E-002   1.0000538115824862     
   7.2003746028762597E-002   1.0000542111316655     
   7.2608820052433284E-002   1.0000546092884548     
   7.3213894093302145E-002   1.0000550060435605     
   7.3818968134779755E-002   1.0000554013877179     
   7.4424042178111480E-002   1.0000557953116993     
   7.5029116225214271E-002   1.0000561878063183     
   7.5634190278004582E-002   1.0000565788624254     
   7.6239264338398324E-002   1.0000569684709077     
   7.6844338408310772E-002   1.0000573566226896     
   7.7449412489656588E-002   1.0000577433087314     
   7.8054486584349714E-002   1.0000581285200321     
   7.8659560694303368E-002   1.0000585122476269     
   7.9264634821429966E-002   1.0000588944825894     
   7.9869708949203325E-002   1.0000592752160251     
   8.0474783078822137E-002   1.0000596544390774     
   8.1079857212201262E-002   1.0000600321429340     
   8.1684931351255083E-002   1.0000604083188209     
   8.2290005497897403E-002   1.0000607829580033     
   8.2895079654041443E-002   1.0000611560517851     
   8.3500153821599754E-002   1.0000615275915092     
   8.4105228002484225E-002   1.0000618975685582     
   8.4710302198605980E-002   1.0000622659743539     
   8.5315376411875365E-002   1.0000626328003575     
   8.5920450625828579E-002   1.0000629980380649     
   8.6525524841618476E-002   1.0000633616790120     
   8.7130599061157846E-002   1.0000637237147809     
   8.7735673286358992E-002   1.0000640841369939     
   8.8340747519133636E-002   1.0000644429373140     
   8.8945821761392915E-002   1.0000648001074453     
   8.9550896015047329E-002   1.0000651556391329     
   9.0155970282006670E-002   1.0000655095241635     
   9.0761044564179993E-002   1.0000658617543645     
   9.1366118863475579E-002   1.0000662123216055     
   9.1971193163491560E-002   1.0000665612177924     
   9.2576267465335413E-002   1.0000669084348732     
   9.3181341770917858E-002   1.0000672539648434     
   9.3786416082149104E-002   1.0000675977997411     
   9.4391490400938818E-002   1.0000679399316468     
   9.4996564729196070E-002   1.0000682803526839     
   9.5601639068829264E-002   1.0000686190550190     
   9.6206713421746137E-002   1.0000689560308609     
   9.6811787789853665E-002   1.0000692912724629     
   9.7416862175058072E-002   1.0000696247721210     
   9.8021936561019485E-002   1.0000699565221700     
   9.8627010948799942E-002   1.0000702865149884     
   9.9232085340308113E-002   1.0000706147430036     
   9.9837159737452136E-002   1.0000709411986883     
  0.10044223414213960        1.0000712658745581     
  0.10104730855627750        1.0000715887631739     
  0.10165238298177219        1.0000719098571418     
  0.10225745742052932        1.0000722291491120     
  0.10286253187445382        1.0000725466317797     
  0.10346760634544984        1.0000728622978856     
  0.10407268081724000        1.0000731761402109     
  0.10467775529084043        1.0000734881515823     
  0.10528282976815773        1.0000737983248771     
  0.10588790425109797        1.0000741066530185     
  0.10649297874156669        1.0000744131289756     
  0.10709805324146880        1.0000747177457636     
  0.10770312775270861        1.0000750204964448     
  0.10830820227718971        1.0000753213741267     
  0.10891327681681495        1.0000756203719647     
  0.10951835137348642        1.0000759174831604     
  0.11012342593099020        1.0000762127009577     
  0.11072850049029558        1.0000765060186478     
  0.11133357505330706        1.0000767974295739     
  0.11193864962192868        1.0000770869271260     
  0.11254372419806390        1.0000773745047433     
  0.11314879878361558        1.0000776601559105     
  0.11375387338048598        1.0000779438741620     
  0.11435894799057661        1.0000782256530791     
  0.11496402261578828        1.0000785054862920     
  0.11556909725802103        1.0000787833674785     
  0.11617417190112574        1.0000790592903610     
  0.11677924654602347        1.0000793332487108     
  0.11738432119461670        1.0000796052363512     
  0.11798939584880738        1.0000798752471556     
  0.11859447051049694        1.0000801432750457     
  0.11919954518158618        1.0000804093139923     
  0.11980461986397528        1.0000806733580161     
  0.12040969455956373        1.0000809354011864     
  0.12101476927025026        1.0000811954376225     
  0.12161984399793287        1.0000814534614935     
  0.12222491872652899        1.0000817094670138     
  0.12282999345690974        1.0000819634484481     
  0.12343506819097554        1.0000822154001154     
  0.12404014293062628        1.0000824653163847     
  0.12464521767776134        1.0000827131916750     
  0.12525029243427946        1.0000829590204559     
  0.12585536720207879        1.0000832027972482     
  0.12646044198305675        1.0000834445166222     
  0.12706551677911007        1.0000836841731999     
  0.12767059159213465        1.0000839217616542     
  0.12827566640611651        1.0000841572767047     
  0.12888074122187479        1.0000843907131229     
  0.12948581604130788        1.0000846220657351     
  0.13009089086631359        1.0000848513294187     
  0.13069596569878927        1.0000850784991027     
  0.13130104054063163        1.0000853035697679     
  0.13190611539373673        1.0000855265364468     
  0.13251119025999997        1.0000857473942235     
  0.13311626514131600        1.0000859661382342     
  0.13372134003957872        1.0000861827636673     
  0.13432641493884503        1.0000863972657594     
  0.13493148983987979        1.0000866096398005     
  0.13553656474457929        1.0000868198811350     
  0.13614163965483933        1.0000870279851604     
  0.13674671457255522        1.0000872339473270     
  0.13735178949962160        1.0000874377631375     
  0.13795686443793251        1.0000876394281475     
  0.13856193938938130        1.0000878389379650     
  0.13916701435586057        1.0000880362882514     
  0.13977208933926219        1.0000882314747208     
  0.14037716432371639        1.0000884244931378     
  0.14098223930993126        1.0000886153393198     
  0.14158731429980106        1.0000888040091414     
  0.14219238929521957        1.0000889904985291     
  0.14279746429808002        1.0000891748034644     
  0.14340253931027502        1.0000893569199816     
  0.14400761433369658        1.0000895368441687     
  0.14461268937023600        1.0000897145721677     
  0.14521776442178386        1.0000898901001740     
  0.14582283949022995        1.0000900634244374     
  0.14642791455978035        1.0000902345412586     
  0.14703298963108391        1.0000904034469924     
  0.14763806470603283        1.0000905701380509     
  0.14824313978651885        1.0000907346108998     
  0.14884821487443317        1.0000908968620594     
  0.14945328997166635        1.0000910568881043     
  0.15005836508010836        1.0000912146856638     
  0.15066344020164846        1.0000913702514209     
  0.15126851533817517        1.0000915235821140     
  0.15187359049157628        1.0000916746745356     
  0.15247866564613621        1.0000918235255309     
  0.15308374080244200        1.0000919701319997     
  0.15368881596238379        1.0000921144908990     
  0.15429389112785133        1.0000922565992407     
  0.15489896630073371        1.0000923964540918     
  0.15550404148291952        1.0000925340525737     
  0.15610911667629668        1.0000926693918637     
  0.15671419188275237        1.0000928024691937     
  0.15731926710417313        1.0000929332818509     
  0.15792434234244468        1.0000930618271777     
  0.15852941758193217        1.0000931881025692     
  0.15913449282315845        1.0000933121054774     
  0.15973956806801162        1.0000934338334100     
  0.16034464331837936        1.0000935532839312     
  0.16094971857614879        1.0000936704546599     
  0.16155479384320640        1.0000937853432714     
  0.16215986912143807        1.0000938979474960     
  0.16276494441272901        1.0000940082651193     
  0.16337001971896367        1.0000941162939831     
  0.16397509504202573        1.0000942220319846     
  0.16458017036636330        1.0000943254770753     
  0.16518524569243276        1.0000944266272622     
  0.16579032102212021        1.0000945254806100     
  0.16639539635731126        1.0000946220352391     
  0.16700047169989102        1.0000947162893259     
  0.16760554705174394        1.0000948082411028     
  0.16821062241475385        1.0000948978888571     
  0.16881569779080391        1.0000949852309335     
  0.16942077318177656        1.0000950702657319     
  0.17002584858955347        1.0000951529917077     
  0.17063092399866753        1.0000952334073725     
  0.17123599940950676        1.0000953115112923     
  0.17184107482395528        1.0000953873020921     
  0.17244615024389662        1.0000954607784520     
  0.17305122567121384        1.0000955319391083     
  0.17365630110778935        1.0000956007828536     
  0.17426137655550497        1.0000956673085366     
  0.17486645201624185        1.0000957315150623     
  0.17547152749188036        1.0000957934013912     
  0.17607660298430014        1.0000958529665409     
  0.17668167847812047        1.0000959102095837     
  0.17728675397365942        1.0000959651296486     
  0.17789182947279902        1.0000960177259213     
  0.17849690497742082        1.0000960679976438     
  0.17910198048940582        1.0000961159441148     
  0.17970705601063441        1.0000961615646888     
  0.18031213154298636        1.0000962048587765     
  0.18091720708834078        1.0000962458258451     
  0.18152228264857601        1.0000962844654175     
  0.18212735822556966        1.0000963207770734     
  0.18273243380402862        1.0000963547604478     
  0.18333750938419971        1.0000963864152326     
  0.18394258496796295        1.0000964157411758     
  0.18454766055719785        1.0000964427380818     
  0.18515273615378336        1.0000964674058117     
  0.18575781175959785        1.0000964897442821     
  0.18636288737651907        1.0000965097534660     
  0.18696796300642407        1.0000965274333931     
  0.18757303865118918        1.0000965427841479     
  0.18817811431268996        1.0000965558058730     
  0.18878318997572160        1.0000965664987649     
  0.18938826564045899        1.0000965748630777     
  0.18999334130878007        1.0000965808991216     
  0.19059841698256233        1.0000965846072623     
  0.19120349266368269        1.0000965859879223     
  0.19180856835401749        1.0000965850415793     
  0.19241364405544242        1.0000965817687679     
  0.19301871976983251        1.0000965761700777     
  0.19362379549906206        1.0000965682461551     
  0.19422887124500460        1.0000965579977019     
  0.19483394699254389        1.0000965454254764     
  0.19543902274178251        1.0000965305302922     
  0.19604409849459642        1.0000965133130193     
  0.19664917425286102        1.0000964937745831     
  0.19725425001845123        1.0000964719159651     
  0.19785932579324134        1.0000964477382022     
  0.19846440157910503        1.0000964212423873     
  0.19906947737791525        1.0000963924296684     
  0.19967455319154431        1.0000963613012499     
  0.20027962902186369        1.0000963278583908     
  0.20088470485384552        1.0000962921024064     
  0.20148978068752027        1.0000962540346685     
  0.20209485652476183        1.0000962136566032     
  0.20269993236744363        1.0000961709696914     
  0.20330500821743849        1.0000961259754706     
  0.20391008407661870        1.0000960786755329     
  0.20451515994685587        1.0000960290715248     
  0.20512023583002098        1.0000959771651496     
  0.20572531172798425        1.0000959229581647     
  0.20633038764261513        1.0000958664523825     
  0.20693546355897349        1.0000958076496713     
  0.20754053947701828        1.0000957465519551     
  0.20814561539862136        1.0000956831612116     
  0.20875069132565410        1.0000956174794733     
  0.20935576725998731        1.0000955495088273     
  0.20996084320349123        1.0000954792514158     
  0.21056591915803546        1.0000954067094352     
  0.21117099512548893        1.0000953318851367     
  0.21177607110771982        1.0000952547808259     
  0.21238114710659556        1.0000951753988632     
  0.21298622310726262        1.0000950937416637     
  0.21359129910960950        1.0000950098116979     
  0.21419637511550607        1.0000949236114889     
  0.21480145112682161        1.0000948351436141     
  0.21540652714542494        1.0000947444107049     
  0.21601160317318424        1.0000946514154470     
  0.21661667921196706        1.0000945561605792     
  0.21722175526364032        1.0000944586488949     
  0.21782683133007019        1.0000943588832409     
  0.21843190741312205        1.0000942568665179     
  0.21903698349802744        1.0000941526016813     
  0.21964205958460595        1.0000940460917405     
  0.22024713567472534        1.0000939373397573     
  0.22085221177025291        1.0000938263488461     
  0.22145728787305541        1.0000937131221750     
  0.22206236398499901        1.0000935976629650     
  0.22266744010794925        1.0000934799744901     
  0.22327251624377098        1.0000933600600774     
  0.22387759239432833        1.0000932379231073     
  0.22448266856148469        1.0000931135670124     
  0.22508774473055482        1.0000929869952793     
  0.22569282090129114        1.0000928582114490     
  0.22629789707555942        1.0000927272191125     
  0.22690297325522490        1.0000925940219125     
  0.22750804944215230        1.0000924586235449     
  0.22811312563820579        1.0000923210277572     
  0.22871820184524883        1.0000921812383492     
  0.22932327806514427        1.0000920392591732     
  0.22992835429975420        1.0000918950941324     
  0.23053343055093997        1.0000917487471828     
  0.23113850680409748        1.0000916002223330     
  0.23174358305891407        1.0000914495236444     
  0.23234865931725349        1.0000912966552278     
  0.23295373558097895        1.0000911416212448     
  0.23355881185195318        1.0000909844259085     
  0.23416388813203823        1.0000908250734828     
  0.23476896442309561        1.0000906635682831     
  0.23537404072698609        1.0000904999146751     
  0.23597911704556976        1.0000903341170759     
  0.23658419338070594        1.0000901661799526     
  0.23718926971786927        1.0000899961078253     
  0.23779434605668442        1.0000898239052656     
  0.23839942239901307        1.0000896495768925     
  0.23900449874671642        1.0000894731273751     
  0.23960957510165512        1.0000892945614321     
  0.24021465146568924        1.0000891138838330     
  0.24081972784067823        1.0000889310993963     
  0.24142480422848087        1.0000887462129904     
  0.24202988063095518        1.0000885592295332     
  0.24263495704995849        1.0000883701539927     
  0.24324003347104176        1.0000881789913869     
  0.24384510989376931        1.0000879857467857     
  0.24445018632000085        1.0000877904253040     
  0.24505526275159550        1.0000875930321056     
  0.24566033919041194        1.0000873935724033     
  0.24626541563830820        1.0000871920514580     
  0.24687049209714168        1.0000869884745800     
  0.24747556856876912        1.0000867828471263     
  0.24808064505504657        1.0000865751745036     
  0.24868572155782928        1.0000863654621659     
  0.24929079806274207        1.0000861537156180     
  0.24989587456929147        1.0000859399404129     
  0.25050095107933507        1.0000857241421492     
  0.25110602759473005        1.0000855063264715     
  0.25171110411733305        1.0000852864990724     
  0.25231618064900002        1.0000850646656911     
  0.25292125719158642        1.0000848408321144     
  0.25352633374694694        1.0000846150041756     
  0.25413141031693559        1.0000843871877547     
  0.25473648690340561        1.0000841573887784     
  0.25534156349205317        1.0000839256132228     
  0.25594664008232942        1.0000836918671108     
  0.25655171667609000        1.0000834561565086     
  0.25715679327518998        1.0000832184875277     
  0.25776186988148397        1.0000829788663255     
  0.25836694649682601        1.0000827372991044     
  0.25897202312306944        1.0000824937921133     
  0.25957709976206694        1.0000822483516454     
  0.26018217641567054        1.0000820009840397     
  0.26078725308573147        1.0000817516956797     
  0.26139232975801496        1.0000815004929975     
  0.26199740643191904        1.0000812473824698     
  0.26260248310929735        1.0000809923706155     
  0.26320755979200294        1.0000807354639965     
  0.26381263648188846        1.0000804766692191     
  0.26441771318080581        1.0000802159929334     
  0.26502278989060640        1.0000799534418334     
  0.26562786661314092        1.0000796890226569     
  0.26623294335025932        1.0000794227421848     
  0.26683802010381080        1.0000791546072414     
  0.26744309685962758        1.0000788846246977     
  0.26804817361705674        1.0000786128014685     
  0.26865325037794990        1.0000783391445074     
  0.26925832714415809        1.0000780636608106     
  0.26986340391753194        1.0000777863574162     
  0.27046848069992135        1.0000775072414043     
  0.27107355749317569        1.0000772263198980     
  0.27167863429914363        1.0000769436000612     
  0.27228371111967314        1.0000766590891002     
  0.27288878795661142        1.0000763727942621     
  0.27349386479585580        1.0000760847228396     
  0.27409894163670423        1.0000757948821672     
  0.27470401848100623        1.0000755032796165     
  0.27530909533061093        1.0000752099225991     
  0.27591417218736691        1.0000749148185677     
  0.27651924905312208        1.0000746179750142     
  0.27712432592972375        1.0000743193994719     
  0.27772940281901864        1.0000740190995132     
  0.27833447972285269        1.0000737170827509     
  0.27893955664307107        1.0000734133568372     
  0.27954463356563475        1.0000731079294676     
  0.28014971048979403        1.0000728008083775     
  0.28075478741739651        1.0000724920013375     
  0.28135986435028926        1.0000721815161566     
  0.28196494129031879        1.0000718693606818     
  0.28257001823933103        1.0000715555427990     
  0.28317509519917139        1.0000712400704324     
  0.28378017217168444        1.0000709229515437     
  0.28438524915871422        1.0000706041941330     
  0.28499032616210385        1.0000702838062372     
  0.28559540316787674        1.0000699617959361     
  0.28620048017523680        1.0000696381713463     
  0.28680555718602957        1.0000693129406177     
  0.28741063420210011        1.0000689861119367     
  0.28801571122529296        1.0000686576935256     
  0.28862078825745208        1.0000683276936435     
  0.28922586530042083        1.0000679961205856     
  0.28983094235604184        1.0000676629826830     
  0.29043601942615704        1.0000673282883026     
  0.29104109651260768        1.0000669920458469     
  0.29164617360147876        1.0000666542637580     
  0.29225125069192853        1.0000663149505140     
  0.29285632778580051        1.0000659741146243     
  0.29346140488493783        1.0000656317646308     
  0.29406648199118296        1.0000652879091110     
  0.29467155910637793        1.0000649425566766     
  0.29527663623236405        1.0000645957159728     
  0.29588171337098196        1.0000642473956791     
  0.29648679052407162        1.0000638976045084     
  0.29709186769347223        1.0000635463512073     
  0.29769694486533022        1.0000631936445599     
  0.29830202203875844        1.0000628394933841     
  0.29890709921559849        1.0000624839065262     
  0.29951217639769145        1.0000621268928644     
  0.30011725358687780        1.0000617684613089     
  0.30072233078499755        1.0000614086208017     
  0.30132740799389007        1.0000610473803175     
  0.30193248521539401        1.0000606847488624     
  0.30253756245134733        1.0000603207354732     
  0.30314263970358724        1.0000599553492187     
  0.30374771695832148        1.0000595885992027     
  0.30435279421461758        1.0000592204945615     
  0.30495787147431519        1.0000588510444566     
  0.30556294873925333        1.0000584802580792     
  0.30616802601127058        1.0000581081446505     
  0.30677310329220492        1.0000577347134212     
  0.30737818058389371        1.0000573599736724     
  0.30798325788817360        1.0000569839347140     
  0.30858833520688062        1.0000566066058847     
  0.30919341254184995        1.0000562279965528     
  0.30979848987935116        1.0000558481161197     
  0.31040356721840601        1.0000554669740167     
  0.31100864456085214        1.0000550845796981     
  0.31161372190852660        1.0000547009426450     
  0.31221879926326596        1.0000543160723669     
  0.31282387662690619        1.0000539299784001     
  0.31342895400128273        1.0000535426703090     
  0.31403403138823022        1.0000531541576843     
  0.31463910878958268        1.0000527644501438     
  0.31524418620717332        1.0000523735573317     
  0.31584926362733434        1.0000519814889237     
  0.31645434104904091        1.0000515882546226     
  0.31705941847412866        1.0000511938641519     
  0.31766449590443269        1.0000507983272600     
  0.31826957334178757        1.0000504016537202     
  0.31887465078802729        1.0000500038533315     
  0.31947972824498527        1.0000496049359175     
  0.32008480571449421        1.0000492049113263     
  0.32068988319838615        1.0000488037894306     
  0.32129496069849234        1.0000484015801270     
  0.32190003820120866        1.0000479982933417     
  0.32250511570546259        1.0000475939390250     
  0.32311019321308776        1.0000471885271454     
  0.32371527072591733        1.0000467820676944     
  0.32432034824578387        1.0000463745706858     
  0.32492542577451944        1.0000459660461563     
  0.32553050331395544        1.0000455565041646     
  0.32613558086592265        1.0000451459547923     
  0.32674065843225103        1.0000447344081427     
  0.32734573601476991        1.0000443218743404     
  0.32795081359994016        1.0000439083635366     
  0.32855589118664030        1.0000434938859057     
  0.32916096877670198        1.0000430784516374     
  0.32976604637195639        1.0000426620709402     
  0.33037112397423413        1.0000422447540442     
  0.33097620158536523        1.0000418265111994     
  0.33158127920717911        1.0000414073526751     
  0.33218635684150460        1.0000409872887612     
  0.33279143449016974        1.0000405663297665     
  0.33339651215500182        1.0000401444860190     
  0.33400158982252826        1.0000397217678714     
  0.33460666749157708        1.0000392981856954     
  0.33521174516397795        1.0000388737498767     
  0.33581682284156000        1.0000384484708174     
  0.33642190052615195        1.0000380223589380     
  0.33702697821958183        1.0000375954246765     
  0.33763205592367712        1.0000371676784883     
  0.33823713364026459        1.0000367391308456     
  0.33884221137117038        1.0000363097922382     
  0.33944728911821981        1.0000358796731721     
  0.34005236686800844        1.0000354487841749     
  0.34065744461931213        1.0000350171357923     
  0.34126252237395854        1.0000345847385796     
  0.34186760013377487        1.0000341516031068     
  0.34247267790058783        1.0000337177399596     
  0.34307775567622356        1.0000332831597389     
  0.34368283346250750        1.0000328478730593     
  0.34428791126126451        1.0000324118905517     
  0.34489298907431870        1.0000319752228601     
  0.34549806690349344        1.0000315378806428     
  0.34610314473545406        1.0000310998745776     
  0.34670822256892264        1.0000306612153571     
  0.34731330040572483        1.0000302219136814     
  0.34791837824768590        1.0000297819802626     
  0.34852345609663060        1.0000293414258257     
  0.34912853395438304        1.0000289002611078     
  0.34973361182276669        1.0000284584968593     
  0.35033868970360449        1.0000280161438413     
  0.35094376759871854        1.0000275732128270     
  0.35154884550993026        1.0000271297146015     
  0.35215392342397650        1.0000266856599667     
  0.35275900133952376        1.0000262410597356     
  0.35336407925839575        1.0000257959247276     
  0.35396915718241578        1.0000253502657706     
  0.35457423511340658        1.0000249040937030     
  0.35517931305319028        1.0000244574193728     
  0.35578439100358850        1.0000240102536380     
  0.35638946896642210        1.0000235626073655     
  0.35699454694351124        1.0000231144914316     
  0.35759962493667541        1.0000226659167215     
  0.35820470293272438        1.0000222168941344     
  0.35880978093026761        1.0000217674345790     
  0.35941485893112690        1.0000213175489665     
  0.36001993693712353        1.0000208672482152     
  0.36062501495007826        1.0000204165432498     
  0.36123009297181130        1.0000199654450030     
  0.36183517100414225        1.0000195139644150     
  0.36244024904889005        1.0000190621124319     
  0.36304532710787291        1.0000186099000063     
  0.36365040518290831        1.0000181573380971     
  0.36425548326088031        1.0000177044376755     
  0.36486056134034001        1.0000172512097181     
  0.36546563942310717        1.0000167976652028     
  0.36607071751100118        1.0000163438151106     
  0.36667579560584079        1.0000158896704279     
  0.36728087370944429        1.0000154352421446     
  0.36788595182362926        1.0000149805412564     
  0.36849102995021266        1.0000145255787625     
  0.36909610809101079        1.0000140703656653     
  0.36970118624783915        1.0000136149129717     
  0.37030626440765724        1.0000131592316968     
  0.37091134256895653        1.0000127033328607     
  0.37151642073355484        1.0000122472274799     
  0.37212149890326957        1.0000117909265727     
  0.37272657707991758        1.0000113344411592     
  0.37333165526531514        1.0000108777822618     
  0.37393673346127787        1.0000104209609046     
  0.37454181166962081        1.0000099639881128     
  0.37514688989215822        1.0000095068749133     
  0.37575196813070366        1.0000090496323333     
  0.37635704637229295        1.0000085922714068     
  0.37696212461535705        1.0000081348031689     
  0.37756720286171186        1.0000076772386497     
  0.37817228111317280        1.0000072195888774     
  0.37877735937155471        1.0000067618648807     
  0.37938243763867197        1.0000063040776865     
  0.37998751591633817        1.0000058462383214     
  0.38059259420636643        1.0000053883578108     
  0.38119767251056902        1.0000049304471783     
  0.38180275083075760        1.0000044725174460     
  0.38240782915404464        1.0000040145796394     
  0.38301290747880024        1.0000035566447831     
  0.38361798580683826        1.0000030987238941     
  0.38422306413997215        1.0000026408279843     
  0.38482814248001485        1.0000021829680636     
  0.38543322082877868        1.0000017251551379     
  0.38603829918807536        1.0000012674002094     
  0.38664337755971595        1.0000008097142772     
  0.38724845594551083        1.0000003521083358     
  0.38785353434726966       0.99999989459337524     
  0.38845861275218191       0.99999943718038664     
  0.38906369115855638       0.99999897988035746     
  0.38966876956820506       0.99999852270426470     
  0.39027384798293940       0.99999806566307847     
  0.39087892640457034       0.99999760876776311     
  0.39148400483490825       0.99999715202927719     
  0.39208908327576286       0.99999669545857284     
  0.39269416172894334       0.99999623906659596     
  0.39329924019625806       0.99999578286428559     
  0.39390431867951470       0.99999532686257386     
  0.39450939716597960       0.99999487107239104     
  0.39511447565390045       0.99999441550466139     
  0.39571955414508719       0.99999396017029596     
  0.39632463264134932       0.99999350508019613     
  0.39692971114449588       0.99999305024525531     
  0.39753478965633521       0.99999259567635812     
  0.39813986817867514       0.99999214138438064     
  0.39874494671332283       0.99999168738018951     
  0.39935002526208468       0.99999123367464238     
  0.39995510382676647       0.99999078027858745     
  0.40056018239471081       0.99999032720286807     
  0.40116526096410471       0.99998987445831911     
  0.40177033953675623       0.99998942205575969     
  0.40237541811447286       0.99998897000599674     
  0.40298049669906161       0.99998851831982671     
  0.40358557529232891       0.99998806700803455     
  0.40419065389608066       0.99998761608139408     
  0.40479573251212198       0.99998716555066736     
  0.40540081114225740       0.99998671542660444     
  0.40600588978829061       0.99998626571994387     
  0.40661096843763989       0.99998581644141626     
  0.40721604708843229       0.99998536760174161     
  0.40782112574247387       0.99998491921162125     
  0.40842620440157018       0.99998447128174228     
  0.40903128306752629       0.99998402382277818     
  0.40963636174214663       0.99998357684538874     
  0.41024144042723515       0.99998313036022013     
  0.41084651912459502       0.99998268437790416     
  0.41145159783602880       0.99998223890905824     
  0.41205667656333822       0.99998179396428499     
  0.41266175529401600       0.99998134955417761     
  0.41326683402613035       0.99998090568931541     
  0.41387191276148533       0.99998046238025684     
  0.41447699150188455       0.99998001963754357     
  0.41508207024913107       0.99997957747170108     
  0.41568714900502746       0.99997913589323906     
  0.41629222777137559       0.99997869491265035     
  0.41689730654997675       0.99997825454041145     
  0.41750238534263151       0.99997781478698178     
  0.41810746415113964       0.99997737566280387     
  0.41871254296306698       0.99997693717830760     
  0.41931762177642418       0.99997649934390687     
  0.41992270059301334       0.99997606216999246     
  0.42052777941463609       0.99997562566693565     
  0.42113285824309360       0.99997518984508904     
  0.42173793708018636       0.99997475471478703     
  0.42234301592771439       0.99997432028634492     
  0.42294809478747697       0.99997388657005903     
  0.42355317366127265       0.99997345357620615     
  0.42415825255089934       0.99997302131504384     
  0.42476333144399447       0.99997258979681436     
  0.42536841033851258       0.99997215903174175     
  0.42597348923625383       0.99997172903002429     
  0.42657856813901790       0.99997129980183841     
  0.42718364704860395       0.99997087135733975     
  0.42778872596681056       0.99997044370666310     
  0.42839380489543577       0.99997001685992171     
  0.42899888383627688       0.99996959082720771     
  0.42960396279113056       0.99996916561859095     
  0.43020904176179270       0.99996874124411983     
  0.43081412073597070       0.99996831771382499     
  0.43141919971156462       0.99996789503771644     
  0.43202427869037269       0.99996747322577617     
  0.43262935767419258       0.99996705228796201     
  0.43323443666482159       0.99996663223420867     
  0.43383951566405626       0.99996621307442735     
  0.43444459467369267       0.99996579481850567     
  0.43504967369552622       0.99996537747630754     
  0.43565475273135157       0.99996496105767285     
  0.43625983178296268       0.99996454557241676     
  0.43686491083813528       0.99996413103033521     
  0.43746998989471658       0.99996371744120038     
  0.43807506895450282       0.99996330481475459     
  0.43868014801928978       0.99996289316071385     
  0.43928522709087275       0.99996248248876829     
  0.43989030617104635       0.99996207280858274     
  0.44049538526160470       0.99996166412979615     
  0.44110046436434119       0.99996125646202094     
  0.44170554348104862       0.99996084981484357     
  0.44231062261351894       0.99996044419782382     
  0.44291570174959449       0.99996003962049940     
  0.44352078088707136       0.99995963609238192     
  0.44412586002774385       0.99995923362295158     
  0.44473093917340573       0.99995883222165927     
  0.44533601832585035       0.99995843189792866     
  0.44594109748687039       0.99995803266115524     
  0.44654617665825802       0.99995763452070641     
  0.44715125584180471       0.99995723748592136     
  0.44775633503930123       0.99995684156611042     
  0.44836141425253762       0.99995644677055551     
  0.44896649346942125       0.99995605310851388     
  0.44957157268769865       0.99995566058921503     
  0.45017665190916212       0.99995526922185407     
  0.45078173113560360       0.99995487901559565     
  0.45138681036881440       0.99995448997957415     
  0.45199188961058523       0.99995410212289415     
  0.45259696886270634       0.99995371545462985     
  0.45320204812696724       0.99995332998382513     
  0.45380712740515677       0.99995294571949300     
  0.45441220669906301       0.99995256267061561     
  0.45501728599665692       0.99995218084614856     
  0.45562236529563688       0.99995180025501706     
  0.45622744459779330       0.99995142090611044     
  0.45683252390491608       0.99995104280828540     
  0.45743760321879462       0.99995066597036608     
  0.45804268254121772       0.99995029040114491     
  0.45864776187397366       0.99994991610938189     
  0.45925284121884996       0.99994954310380457     
  0.45985792057763358       0.99994917139310757     
  0.46046299995211065       0.99994880098595262     
  0.46106807933031435       0.99994843189097260     
  0.46167315870989628       0.99994806411676829     
  0.46227823809264490       0.99994769767190239     
  0.46288331748034817       0.99994733256490265     
  0.46348839687479348       0.99994696880426326     
  0.46409347627776781       0.99994660639844390     
  0.46469855569105739       0.99994624535586996     
  0.46530363511644790       0.99994588568493248     
  0.46590871455572425       0.99994552739398768     
  0.46651379401067067       0.99994517049135689     
  0.46711887346938163       0.99994481498533028     
  0.46772395292946289       0.99994446088416411     
  0.46832903239270096       0.99994410819607471     
  0.46893411186088185       0.99994375692924176     
  0.46953919133579108       0.99994340709180918     
  0.47014427081921356       0.99994305869188449     
  0.47074935031293369       0.99994271173753924     
  0.47135442981873515       0.99994236623680877     
  0.47195950933840092       0.99994202219769113     
  0.47256458887371333       0.99994167962814839     
  0.47316966841282743       0.99994133853610900     
  0.47377474795330382       0.99994099892946542     
  0.47437982749692709       0.99994066081606903     
  0.47498490704548130       0.99994032420373224     
  0.47558998660075003       0.99993998910023008     
  0.47619506616451629       0.99993965551329955     
  0.47680014573856250       0.99993932345063974     
  0.47740522532467039       0.99993899291991117     
  0.47801030492462110       0.99993866392873643     
  0.47861538454019492       0.99993833648469910     
  0.47922046415960717       0.99993801059534815     
  0.47982554378037368       0.99993768626819413     
  0.48043062340427706       0.99993736351070517     
  0.48103570303309950       0.99993704233030900     
  0.48164078266862259       0.99993672273439371     
  0.48224586231262745       0.99993640473030787     
  0.48285094196689454       0.99993608832536029     
  0.48345602163320373       0.99993577352681984     
  0.48406110131333413       0.99993546034191549     
  0.48466618100906417       0.99993514877783551     
  0.48527126070866927       0.99993483884173173     
  0.48587634040962063       0.99993453054071590     
  0.48648142011369894       0.99993422388185604     
  0.48708649982268437       0.99993391887217742     
  0.48769157953835662       0.99993361551866511     
  0.48829665926249488       0.99993331382826200     
  0.48890173899687772       0.99993301380787059     
  0.48950681874328300       0.99993271546435092     
  0.49011189850348796       0.99993241880452199     
  0.49071697827926908       0.99993212383516061     
  0.49132205805896234       0.99993183056300494     
  0.49192713783999387       0.99993153899475207     
  0.49253221762414234       0.99993124913705289     
  0.49313729741318613       0.99993096099651568     
  0.49374237720890296       0.99993067457970541     
  0.49434745701307009       0.99993038989314442     
  0.49495253682746415       0.99993010694331219     
  0.49555761665386111       0.99992982573664535     
  0.49616269649403627       0.99992954627953701     
  0.49676777634976416       0.99992926857833708     
  0.49737285620944199       0.99992899263935509     
  0.49797793607045010       0.99992871846885789     
  0.49858301593456533       0.99992844607306508     
  0.49918809580356410       0.99992817545815171     
  0.49979317567922221       0.99992790663024866     
  0.50039825556331496       0.99992763959544273     
  0.50100333545761710       0.99992737435977608     
  0.50160841536390266       0.99992711092924680     
  0.50221349528394510       0.99992684930980813     
  0.50281857521951689       0.99992658950736857     
  0.50342365515907750       0.99992633152779486     
  0.50402873509996060       0.99992607537690936     
  0.50463381504394100       0.99992582106048644     
  0.50523889499279329       0.99992556858425430     
  0.50584397494829136       0.99992531795389561     
  0.50644905491220860       0.99992506917504786     
  0.50705413488631768       0.99992482225330270     
  0.50765921487239085       0.99992457719420602     
  0.50826429487219960       0.99992433400325775     
  0.50886937488751460       0.99992409268591187     
  0.50947445490685861       0.99992385324757938     
  0.51007953492751734       0.99992361569362487     
  0.51068461495126383       0.99992338002936432     
  0.51128969497987065       0.99992314626006662     
  0.51189477501510972       0.99992291439095382     
  0.51249985505875262       0.99992268442720089     
  0.51310493511257016       0.99992245637393673     
  0.51371001517833259       0.99992223023624272     
  0.51431509525780938       0.99992200601915338     
  0.51492017535276946       0.99992178372765594     
  0.51552525545180039       0.99992156336669291     
  0.51613033555213850       0.99992134494116014     
  0.51673541565555492       0.99992112845590353     
  0.51734049576382024       0.99992091391572036     
  0.51794557587870449       0.99992070132536015     
  0.51855065600197736       0.99992049068952515     
  0.51915573613540777       0.99992028201286898     
  0.51976081628076398       0.99992007529999793     
  0.52036589643981368       0.99991987055546949     
  0.52097097661432379       0.99991966778379338     
  0.52157605679294849       0.99991946698943335     
  0.52218113697287305       0.99991926817680499     
  0.52278621715586648       0.99991907135027325     
  0.52339129734369760       0.99991887651415357     
  0.52399637753813466       0.99991868367271308     
  0.52460145774094524       0.99991849283016987     
  0.52520653795389638       0.99991830399069304     
  0.52581161817875444       0.99991811715840306     
  0.52641669841728522       0.99991793233737092     
  0.52702177867125377       0.99991774953161894     
  0.52762685892938266       0.99991756874512172     
  0.52823193918880418       0.99991738998180546     
  0.52883701945128547       0.99991721324554472     
  0.52944209971859335       0.99991703854016389     
  0.53004717999249418       0.99991686586943784     
  0.53065226027475376       0.99991669523709170     
  0.53125734056713714       0.99991652664680131     
  0.53186242087140878       0.99991636010219187     
  0.53246750118933261       0.99991619560683942     
  0.53307258152267167       0.99991603316426991     
  0.53367766186021892       0.99991587277796068     
  0.53428274219905170       0.99991571445133998     
  0.53488782254093536       0.99991555818778322     
  0.53549290288763485       0.99991540399061596     
  0.53609798324091440       0.99991525186311270     
  0.53670306360253806       0.99991510180849774     
  0.53730814397426896       0.99991495382994522     
  0.53791322435786970       0.99991480793057819     
  0.53851830475510221       0.99991466411346963     
  0.53912338516772773       0.99991452238164169     
  0.53972846558461118       0.99991438273806721     
  0.54033354600277328       0.99991424518566885     
  0.54093862642397750       0.99991410972731676     
  0.54154370684998687       0.99991397636582946     
  0.54214878728256388       0.99991384510397485     
  0.54275386772347034       0.99991371594446965     
  0.54335894817446773       0.99991358888997950     
  0.54396402863731663       0.99991346394311897     
  0.54456910911377721       0.99991334110645147     
  0.54517418960560859       0.99991322038248898     
  0.54577927010174987       0.99991310177369397     
  0.54638435059916313       0.99991298528247741     
  0.54698943109960985       0.99991287091119785     
  0.54759451160485118       0.99991275866216167     
  0.54819959211664770       0.99991264853762418     
  0.54880467263675947       0.99991254053978884     
  0.54940975316694596       0.99991243467080781     
  0.55001483370896587       0.99991233093278142     
  0.55061991426457735       0.99991222932775847     
  0.55122499483553788       0.99991212985773625     
  0.55183007541086182       0.99991203252466110     
  0.55243515598745119       0.99991193733042816     
  0.55304023656706569       0.99991184427687929     
  0.55364531715146437       0.99991175336580440     
  0.55425039774240603       0.99991166459894165     
  0.55485547834164883       0.99991157797797725     
  0.55546055895095026       0.99991149350454511     
  0.55606563957206723       0.99991141118022786     
  0.55667072020675590       0.99991133100655560     
  0.55727580085677186       0.99991125298500672     
  0.55788088151120652       0.99991117711700839     
  0.55848596216690016       0.99991110340393585     
  0.55909104282561051       0.99991103184711128     
  0.55969612348909492       0.99991096244780464     
  0.56030120415911022       0.99991089520723353     
  0.56090628483741256       0.99991083012656390     
  0.56151136552575764       0.99991076720690897     
  0.56211644622590051       0.99991070644933022     
  0.56272152693959543       0.99991064785483674     
  0.56332660766859599       0.99991059142438532     
  0.56393168840207175       0.99991053715888145     
  0.56453676913680018       0.99991048505917846     
  0.56514184987453719       0.99991043512607625     
  0.56574693061703818       0.99991038736032278     
  0.56635201136605806       0.99991034176261384     
  0.56695709212335110       0.99991029833359235     
  0.56756217289067112       0.99991025707384973     
  0.56816725366977117       0.99991021798392454     
  0.56877233446240372       0.99991018106430340     
  0.56937741527032038       0.99991014631542052     
  0.56998249608276974       0.99991011373765837     
  0.57058757689646555       0.99991008333134679     
  0.57119265771316186       0.99991005509676323     
  0.57179773853461213       0.99991002903413251     
  0.57240281936256932       0.99991000514362760     
  0.57300790019878589       0.99990998342536863     
  0.57361298104501368       0.99990996387942399     
  0.57421806190300395       0.99990994650580944     
  0.57482314277450719       0.99990993130448880     
  0.57542822366127322       0.99990991827537368     
  0.57603330455263002       0.99990990741832309     
  0.57663838544522716       0.99990989873314451     
  0.57724346634081669       0.99990989221959259     
  0.57784854724115020       0.99990988787736979     
  0.57845362814797885       0.99990988570612638     
  0.57905870906305312       0.99990988570546069     
  0.57966378998812296       0.99990988787491908     
  0.58026887092493773       0.99990989221399507     
  0.58087395187524593       0.99990989872213087     
  0.58147903284079561       0.99990990739871632     
  0.58208411381099445       0.99990991824308928     
  0.58268919478242742       0.99990993125453520     
  0.58329427575684478       0.99990994643228770     
  0.58389935673599624       0.99990996377552843     
  0.58450443772163085       0.99990998328338720     
  0.58510951871549743       0.99991000495494187     
  0.58571459971934392       0.99991002878921864     
  0.58631968073491780       0.99991005478519146     
  0.58692476176396580       0.99991008294178285     
  0.58752984280823384       0.99991011325786339     
  0.58813492385720922       0.99991014573225190     
  0.58874000490741263       0.99991018036371493     
  0.58934508596059232       0.99991021715096762     
  0.58995016701849612       0.99991025609267381     
  0.59055524808287130       0.99991029718744584     
  0.59116032915546457       0.99991034043384441     
  0.59176541023802220       0.99991038583037861     
  0.59237049133228958       0.99991043337550645     
  0.59297557244001164       0.99991048306763441     
  0.59358065356293255       0.99991053490511761     
  0.59418573469061831       0.99991058888625939     
  0.59479081581952598       0.99991064500931137     
  0.59539589695140183       0.99991070327247467     
  0.59600097808799168       0.99991076367389931     
  0.59660605923104104       0.99991082621168448     
  0.59721114038229473       0.99991089088387830     
  0.59781622154349701       0.99991095768847749     
  0.59842130271639160       0.99991102662342868     
  0.59902638390272134       0.99991109768662700     
  0.59963146510422849       0.99991117087591697     
  0.60023654631055734       0.99991124618909166     
  0.60084162751810166       0.99991132362389323     
  0.60144670872860606       0.99991140317801352     
  0.60205178994381447       0.99991148484909442     
  0.60265687116547040       0.99991156863472752     
  0.60326195239531677       0.99991165453245356     
  0.60386703363509597       0.99991174253976323     
  0.60447211488654973       0.99991183265409700     
  0.60507719615141908       0.99991192487284519     
  0.60568227743144443       0.99991201919334760     
  0.60628735871634698       0.99991211561289361     
  0.60689244000245868       0.99991221412872155     
  0.60749752129152212       0.99991231473802111     
  0.60810260258527937       0.99991241743793247     
  0.60870768388547203       0.99991252222554594     
  0.60931276519384125       0.99991262909790235     
  0.60991784651212744       0.99991273805199299     
  0.61052292784207041       0.99991284908475930     
  0.61112800918540933       0.99991296219309378     
  0.61173309054388270       0.99991307737383917     
  0.61233817190728723       0.99991319462378803     
  0.61294325327189447       0.99991331393968341     
  0.61354833463944503       0.99991343531821952     
  0.61415341601167905       0.99991355875604304     
  0.61475849739033639       0.99991368424975113     
  0.61536357877715608       0.99991381179589234     
  0.61596866017387675       0.99991394139096657     
  0.61657374158223632       0.99991407303142510     
  0.61717882300397209       0.99991420671367059     
  0.61778390444082065       0.99991434243405708     
  0.61838898588265268       0.99991448018888962     
  0.61899406732568074       0.99991461997442355     
  0.61959914877164357       0.99991476178686756     
  0.62020423022227944       0.99991490562238328     
  0.62080931167932618       0.99991505147708371     
  0.62141439314452118       0.99991519934703454     
  0.62201947461960105       0.99991534922825376     
  0.62262455610630185       0.99991550111671135     
  0.62322963760635897       0.99991565500833013     
  0.62383471912150701       0.99991581089898529     
  0.62443980064168891       0.99991596878450340     
  0.62504488216305998       0.99991612866066260     
  0.62564996368735715       0.99991629052319586     
  0.62625504521631681       0.99991645436778953     
  0.62686012675167491       0.99991662019008332     
  0.62746520829516683       0.99991678798567019     
  0.62807028984852731       0.99991695775009637     
  0.62867537141349061       0.99991712947886136     
  0.62928045299179014       0.99991730316741889     
  0.62988553458515872       0.99991747881117565     
  0.63049061618360946       0.99991765640549102     
  0.63109569778324237       0.99991783594567718     
  0.63170077938579250       0.99991801742700193     
  0.63230586099299446       0.99991820084468830     
  0.63291094260658221       0.99991838619391349     
  0.63351602422828923       0.99991857346980917     
  0.63412110585984849       0.99991876266746149     
  0.63472618750299226       0.99991895378191165     
  0.63533126915945215       0.99991914680815519     
  0.63593635083095901       0.99991934174114305     
  0.63654143250759432       0.99991953857577909     
  0.63714651418540469       0.99991973730692130     
  0.63775159586612329       0.99991993792938516     
  0.63835667755148284       0.99992014043794220     
  0.63896175924321541       0.99992034482731973     
  0.63956684094305261       0.99992055109220090     
  0.64017192265272549       0.99992075922722434     
  0.64077700437396445       0.99992096922698537     
  0.64138208610849923       0.99992118108603489     
  0.64198716785805876       0.99992139479888043     
  0.64259224961279093       0.99992161035998373     
  0.64319733136869106       0.99992182776376193     
  0.64380241312749020       0.99992204700459109     
  0.64440749489091931       0.99992226807680495     
  0.64501257666070855       0.99992249097469443     
  0.64561765843858765       0.99992271569250757     
  0.64622274022628567       0.99992294222444955     
  0.64682782202553124       0.99992317056468338     
  0.64743290383805219       0.99992340070732921     
  0.64803798566557569       0.99992363264646522     
  0.64864306749831413       0.99992386637612518     
  0.64924814933221309       0.99992410189029979     
  0.64985323116900184       0.99992433918293988     
  0.65045831301040935       0.99992457824795600     
  0.65106339485816400       0.99992481907921704     
  0.65166847671399353       0.99992506167055062     
  0.65227355857962532       0.99992530601574336     
  0.65287864045678601       0.99992555210854039     
  0.65348372234720153       0.99992579994264652     
  0.65408880425259708       0.99992604951172548     
  0.65469388616324820       0.99992630080939837     
  0.65529896807505239       0.99992655382924434     
  0.65590404998973706       0.99992680856480465     
  0.65650913190902915       0.99992706500958184     
  0.65711421383465529       0.99992732315703847     
  0.65771929576834132       0.99992758300059759     
  0.65832437771181274       0.99992784453364236     
  0.65892945966679428       0.99992810774951679     
  0.65953454163501002       0.99992837264152545     
  0.66013962361818335       0.99992863920293407     
  0.66074470560665133       0.99992890742696694     
  0.66134978759626473       0.99992917730680797     
  0.66195486958874916       0.99992944883560542     
  0.66255995158582970       0.99992972200647012     
  0.66316503358923107       0.99992999681247485     
  0.66377011560067734       0.99993027324665418     
  0.66437519762189201       0.99993055130200514     
  0.66498027965459794       0.99993083097148694     
  0.66558536170051741       0.99993111224802111     
  0.66619044376137182       0.99993139512449214     
  0.66679552582755874       0.99993167959374463     
  0.66740060789488354       0.99993196564858466     
  0.66800568996506982       0.99993225328178414     
  0.66861077203984087       0.99993254248607988     
  0.66921585412091944       0.99993283325417215     
  0.66982093621002781       0.99993312557872494     
  0.67042601830888759       0.99993341945236636     
  0.67103110041921976       0.99993371486768845     
  0.67163618254274471       0.99993401181724795     
  0.67224126468118206       0.99993431029356550     
  0.67284634682498889       0.99993461028912423     
  0.67345142896992582       0.99993491179637006     
  0.67405651111771470       0.99993521480771730     
  0.67466159327007702       0.99993551931554647     
  0.67526667542873353       0.99993582531220371     
  0.67587175759540474       0.99993613279000093     
  0.67647683977181028       0.99993644174121565     
  0.67708192195966943       0.99993675215809152     
  0.67768700416070060       0.99993706403283844     
  0.67829208637662164       0.99993737735763277     
  0.67889716859794835       0.99993769212461459     
  0.67950225082039750       0.99993800832588875     
  0.68010733304568916       0.99993832595353038     
  0.68071241527554271       0.99993864499958318     
  0.68131749751167736       0.99993896545605832     
  0.68192257975581150       0.99993928731493442     
  0.68252766200966297       0.99993961056815828     
  0.68313274427494919       0.99993993520764413     
  0.68373782655338677       0.99994026122527491     
  0.68434290884669158       0.99994058861290158     
  0.68494799114543814       0.99994091736234081     
  0.68555307344529948       0.99994124746537649     
  0.68615815574799377       0.99994157891376434     
  0.68676323805523876       0.99994191169923097     
  0.68736832036875151       0.99994224581347224     
  0.68797340269024865       0.99994258124815394     
  0.68857848502144625       0.99994291799491153     
  0.68918356736405983       0.99994325604535073     
  0.68978864971980403       0.99994359539104694     
  0.69039373209039301       0.99994393602354648     
  0.69099881446645983       0.99994427793436313     
  0.69160389684363388       0.99994462111497984     
  0.69220897922363145       0.99994496555685353     
  0.69281406160816827       0.99994531125141428     
  0.69341914399895976       0.99994565819006354     
  0.69402422639772066       0.99994600636417463     
  0.69462930880616525       0.99994635576509272     
  0.69523439122600694       0.99994670638413530     
  0.69583947365895882       0.99994705821259200     
  0.69644455610673306       0.99994741124172504     
  0.69704963856002156       0.99994776546276642     
  0.69765472101440973       0.99994812086691920     
  0.69825980347161209       0.99994847744536286     
  0.69886488593334262       0.99994883518925204     
  0.69946996840131470       0.99994919408971517     
  0.70007505087724131       0.99994955413785447     
  0.70068013336283475       0.99994991532474642     
  0.70128521585980685       0.99995027764144162     
  0.70189029836986860       0.99995064107896536     
  0.70249538089473040       0.99995100562831785     
  0.70310046342514354       0.99995137128047085     
  0.70370554595664903       0.99995173802636916     
  0.70431062849095949       0.99995210585693672     
  0.70491571102978701       0.99995247476307458     
  0.70552079357484321       0.99995284473566026     
  0.70612587612783917       0.99995321576554685     
  0.70673095869048530       0.99995358784356403     
  0.70733604126449157       0.99995396096051792     
  0.70794112385156716       0.99995433510719178     
  0.70854620645342059       0.99995471027434535     
  0.70915128906086355       0.99995508645271269     
  0.70975637166939165       0.99995546363300336     
  0.71036145428071551       0.99995584180590757     
  0.71096653689654554       0.99995622096209580     
  0.71157161951859138       0.99995660109221640     
  0.71217670214856232       0.99995698218689644     
  0.71278178478816701       0.99995736423674142     
  0.71338686743911350       0.99995774723233566     
  0.71399195010310912       0.99995813116424270     
  0.71459703278186060       0.99995851602300534     
  0.71520211546624080       0.99995890179914271     
  0.71580719815169902       0.99995928848315119     
  0.71641228083994413       0.99995967606551117     
  0.71701736353268453       0.99996006453668473     
  0.71762244623162819       0.99996045388711496     
  0.71822752893848241       0.99996084410722552     
  0.71883261165495405       0.99996123518742075     
  0.71943769438274929       0.99996162711808667     
  0.72004277712357379       0.99996201988959044     
  0.72064785987913227       0.99996241349228088     
  0.72125294264035988       0.99996280791648529     
  0.72185802540265853       0.99996320315251097     
  0.72246310816773529       0.99996359919065136     
  0.72306819093729680       0.99996399602118413     
  0.72367327371304901       0.99996439363437029     
  0.72427835649669758       0.99996479202045341     
  0.72488343928994736       0.99996519116966087     
  0.72548852209450276       0.99996559107220340     
  0.72609360491206754       0.99996599171827572     
  0.72669868774434465       0.99996639309805657     
  0.72730377058233275       0.99996679520170528     
  0.72790885342138512       0.99996719801936362     
  0.72851393626320704       0.99996760154116204     
  0.72911901910950316       0.99996800575721734     
  0.72972410196197768       0.99996841065763253     
  0.73032918482233444       0.99996881623249556     
  0.73093426769227643       0.99996922247188014     
  0.73153935057350628       0.99996962936584644     
  0.73214443346772573       0.99997003690444020     
  0.73274951637663599       0.99997044507769417     
  0.73335459929130054       0.99997085387562401     
  0.73395968220702279       0.99997126328823049     
  0.73456476512550606       0.99997167330550452     
  0.73516984804845331       0.99997208391742731     
  0.73577493097756685       0.99997249511396724     
  0.73638001391454855       0.99997290688508134     
  0.73698509686109970       0.99997331922071397     
  0.73759017981892105       0.99997373211079854     
  0.73819526278971259       0.99997414554525710     
  0.73880034577517362       0.99997455951400038     
  0.73940542876643356       0.99997497400692492     
  0.74001051175874466       0.99997538901391447     
  0.74061559475380856       0.99997580452484580     
  0.74122067775332623       0.99997622052958812     
  0.74182576075899820       0.99997663701800066     
  0.74243084377252455       0.99997705397993308     
  0.74303592679560471       0.99997747140522564     
  0.74364100982993753       0.99997788928370990     
  0.74424609287722121       0.99997830760520812     
  0.74485117593915318       0.99997872635953411     
  0.74545625900693002       0.99997914553649003     
  0.74606134207575181       0.99997956512586716     
  0.74666642514731807       0.99997998511745301     
  0.74727150822332811       0.99998040550102940     
  0.74787659130548068       0.99998082626637119     
  0.74848167439547397       0.99998124740324568     
  0.74908675749500553       0.99998166890141382     
  0.74969184060577243       0.99998209075062983     
  0.75029692372947099       0.99998251294064122     
  0.75090200686779685       0.99998293546118999     
  0.75150709001201466       0.99998335830200813     
  0.75211217315727119       0.99998378145282008     
  0.75271725630526420       0.99998420490334861     
  0.75332233945769111       0.99998462864331339     
  0.75392742261624879       0.99998505266242943     
  0.75453250578263364       0.99998547695040718     
  0.75513758895854133       0.99998590149695277     
  0.75574267214566715       0.99998632629176798     
  0.75634775534570553       0.99998675132455106     
  0.75695283856035034       0.99998717658499670     
  0.75755792178093528       0.99998760206279225     
  0.75816300500255274       0.99998802774762008     
  0.75876808822689878       0.99998845362916300     
  0.75937317145566896       0.99998887969710371     
  0.75997825469055824       0.99998930594112267     
  0.76058333793326127       0.99998973235089816     
  0.76118842118547192       0.99999015891610654     
  0.76179350444888350       0.99999058562642285     
  0.76239858772518876       0.99999101247152034     
  0.76300367101607969       0.99999143944107183     
  0.76360875431295938       0.99999186652474514     
  0.76421383761086570       0.99999229371220544     
  0.76481892091149262       0.99999272099312098     
  0.76542400421653400       0.99999314835716258     
  0.76602908752768295       0.99999357579400083     
  0.76663417084663221       0.99999400329330723     
  0.76723925417507399       0.99999443084475348     
  0.76784433751469972       0.99999485843801250     
  0.76844942086720014       0.99999528606275856     
  0.76905450423426558       0.99999571370866680     
  0.76965958760736908       0.99999614136541082     
  0.77026467098149309       0.99999656902266365     
  0.77086975435833005       0.99999699667010433     
  0.77147483773957171       0.99999742429741634     
  0.77207992112690949       0.99999785189428625     
  0.77268500452203426       0.99999827945040298     
  0.77329008792663634       0.99999870695545934     
  0.77389517134240537       0.99999913439915100     
  0.77450025477103035       0.99999956177117744     
  0.77459666924148340       0.99999980939116417     
