   5.1901181704856487E-005   1.0918463646734521E-003
   1.0374358105272183E-004   2.1585712540642408E-003
   1.5558078894864044E-004   3.2502900150296844E-003
   2.0741311044355552E-004   4.2265509150627859E-003
   2.5931256527649314E-004   4.9693739246895316E-003
   3.1121374698134962E-004   5.3584859218458666E-003
   3.6311492868620611E-004   5.4199348272249096E-003
   4.1501611038514236E-004   6.0345212794800521E-003
   4.6691729206612532E-004   6.6810195726961126E-003
   5.1881847371884984E-004   7.2470758414644142E-003
   5.7071945447908763E-004   7.7631019118565821E-003
   6.2261941406936661E-004   8.0062435907799819E-003
   6.7451759200387335E-004   8.0425284073705004E-003
   7.2641620778736210E-004   8.0806991300398871E-003
   7.7831130766005375E-004   8.0576543689947263E-003
   8.3020412020472223E-004   7.6991050982395063E-003
   8.8209939879878079E-004   7.5365829167604263E-003
   9.3400058049133245E-004   7.3468784704024551E-003
   9.8590175547072674E-004   6.9752103496718027E-003
   1.0378028866499371E-003   6.5731643047137502E-003
   1.0897040683497360E-003   6.2245455046177631E-003
   1.1416052500493553E-003   5.8486232035933703E-003
   1.1935064317488029E-003   5.5546418124783597E-003
   1.2454074275364011E-003   5.3691966040909410E-003
   1.2973085055397304E-003   5.3409910076875821E-003
   1.3492095991482302E-003   5.3905782557205732E-003
   1.4011107775096976E-003   5.5528577603966333E-003
   1.4530119592135111E-003   5.6732729598129982E-003
   1.5049131409173031E-003   5.7761822796033174E-003
   1.5568142713005982E-003   5.7625088961317204E-003
   1.6087153324047358E-003   5.8021525151778445E-003
   1.6606164342743512E-003   5.8815146902119935E-003
   1.7125175471645042E-003   5.9014783141763697E-003
   1.7644185663450360E-003   5.8760318773839705E-003
   1.8163196716080665E-003   5.8240431995202728E-003
   1.8682207782199742E-003   5.9149424270559005E-003
   1.9201216751730771E-003   5.9412156550231491E-003
   1.9720224615646393E-003   5.9368546599145571E-003
   2.0239233730347255E-003   5.8897179686412410E-003
   2.0758243033641628E-003   5.8044026145754818E-003
   2.1277251231149592E-003   5.7425137154547669E-003
   2.1796261431935122E-003   5.6512883566567536E-003
   2.2315271355744007E-003   5.5709085028971981E-003
   2.2834279899048150E-003   5.5783532852589131E-003
   2.3353289887764234E-003   5.7241717327412263E-003
   2.3872300334548575E-003   5.8142793646268343E-003
   2.4391310608109971E-003   5.7946550066452183E-003
   2.4910318513973271E-003   5.7385132197990876E-003
   2.5429328204630086E-003   5.6407303585262634E-003
   2.5948337743260221E-003   5.6285961453174374E-003
   2.6467349285924351E-003   5.7785947247311628E-003
   2.6986357118908245E-003   5.9139216103876596E-003
   2.7505366044755864E-003   6.0595709020533472E-003
   2.8024375293255314E-003   6.1470281428041614E-003
   2.8543386824541094E-003   6.1915731133801114E-003
   2.9062398416848925E-003   6.2339079766986251E-003
   2.9581410031226077E-003   6.2075221700874606E-003
   3.0100420463923345E-003   6.1232518950453223E-003
   3.0619425170688697E-003   6.0263475668433601E-003
   3.1138432475952228E-003   5.9395181884388040E-003
   3.1657439292476597E-003   6.0448340883046316E-003
   3.2176447368178233E-003   6.2248898429369554E-003
   3.2695457188308217E-003   6.3469504254176686E-003
   3.3214467086330642E-003   6.4800028092858522E-003
   3.3733478726458133E-003   6.5321071349682732E-003
   3.4252490401565738E-003   6.5068578065208150E-003
   3.4771502088560171E-003   6.4519824601928684E-003
   3.5290511614837088E-003   6.3449095036180580E-003
   3.5809516023224942E-003   6.2003318533858306E-003
   3.6328520752858498E-003   6.0606409755437655E-003
   3.6847526416887693E-003   5.9633753054127167E-003
   3.7366536728126159E-003   6.0274458229852852E-003
   3.7885543847550034E-003   6.1941868438674975E-003
   3.8404552107116699E-003   6.3239213439935556E-003
   3.8923560747924323E-003   6.4357918764610302E-003
   3.9442572490879573E-003   6.4372259772792840E-003
   3.9961584191951609E-003   6.4061339732276804E-003
   4.0480595890278739E-003   6.3414346833512922E-003
   4.0999597938123616E-003   6.2417672243155120E-003
   4.1518598119044819E-003   6.0999087257300206E-003
   4.2037603939720780E-003   5.9903563393598220E-003
   4.2556608654038394E-003   5.9529799803391464E-003
   4.3075615892184498E-003   6.0384949824406654E-003
   4.3594626236058255E-003   6.2291438649372073E-003
   4.4113636111715133E-003   6.3724142671320056E-003
   4.4632646080659524E-003   6.4839910414145815E-003
   4.5151657794094821E-003   6.4868989501914807E-003
   4.5670669476603172E-003   6.4699216941065483E-003
   4.6189679274172236E-003   6.4249098169989003E-003
   4.6708684171137254E-003   6.3392326420214345E-003
   4.7227684849808467E-003   6.2316033433662639E-003
   4.7746687902638901E-003   6.1536419430674389E-003
   4.8265688224067285E-003   6.1212096118387713E-003
   4.8784694330329982E-003   6.3030203656626515E-003
   4.9303702308506189E-003   6.4965812304823515E-003
   4.9822710613446810E-003   6.5909458118452637E-003
   5.0341722079945859E-003   6.6631164375048598E-003
   5.0860733614754017E-003   6.6635913413761539E-003
   5.1379745172983257E-003   6.6110053115275152E-003
   5.1898749345089343E-003   6.5306113682127853E-003
   5.2417750766116421E-003   6.4081389635536317E-003
   5.2936756625706245E-003   6.2564786591365763E-003
   5.3455762205423035E-003   6.1725146341342829E-003
   5.3974770343109893E-003   6.1117660959437133E-003
   5.4493780174342419E-003   6.2596449144826267E-003
   5.5012789851781796E-003   6.4489877487499958E-003
   5.5531799663791018E-003   6.5385799570542814E-003
   5.6050811414414909E-003   6.5848243772762931E-003
   5.6569823131469629E-003   6.5729266800632364E-003
   5.7088833566576016E-003   6.5058697816834637E-003
   5.7607839731867788E-003   6.3990840304132910E-003
   5.8126840296325102E-003   6.2632654944854878E-003
   5.8645844272678304E-003   6.1193582028968383E-003
   5.9164845951829633E-003   6.0343532511668279E-003
   5.9683851940240213E-003   5.9638361287057597E-003
   6.0202860430923879E-003   6.1208172995977049E-003
   6.0721868970315482E-003   6.2967783385607448E-003
   6.1240880446475458E-003   6.3810702501083515E-003
   6.1759891989271688E-003   6.4522093737061064E-003
   6.2278903554784364E-003   6.4375901094952783E-003
   6.2797908892084260E-003   6.3566692246367334E-003
   6.3316910793871145E-003   6.2495838763868246E-003
   6.3835916051395280E-003   6.1170295378095499E-003
   6.4354921427714970E-003   6.0065588458454947E-003
   6.4873929885093540E-003   5.9145539686937237E-003
   6.5392938756763143E-003   5.8458454657284633E-003
   6.5911947861995680E-003   5.9929605414261152E-003
   6.6430957189763142E-003   6.1565041510915361E-003
   6.6949968934576307E-003   6.2305623202180190E-003
   6.7468980641235687E-003   6.2985406120243930E-003
   6.7987991361540606E-003   6.2720109381817230E-003
   6.8506998173207692E-003   6.1874437800140489E-003
   6.9025998822041272E-003   6.1002837840794990E-003
   6.9545003359845065E-003   6.0090132785799158E-003
   7.0064005561570790E-003   5.9430649151753006E-003
   7.0583011425364942E-003   5.8780867329995441E-003
   7.1102020146822029E-003   5.8406485475755590E-003
   7.1621028766093789E-003   5.9971864434044987E-003
   7.2140040241535216E-003   6.1736928239570152E-003
   7.2659051783730017E-003   6.2470669790652585E-003
   7.3178063348591357E-003   6.3042705624305820E-003
   7.3697069381322543E-003   6.2593838568363366E-003
   7.4216071570513869E-003   6.1598475489171205E-003
   7.4735076422799279E-003   6.0470766008180578E-003
   7.5254081614429995E-003   5.9626124788120629E-003
   7.5773090351907097E-003   5.8752511342884464E-003
   7.6292098779232051E-003   5.8038432346694535E-003
   7.6811107637180260E-003   5.7691381678488850E-003
   7.7330116757195191E-003   5.9091172882696228E-003
   7.7849128499974680E-003   6.0649972424204369E-003
   7.8368140202838311E-003   6.1447993850935918E-003
   7.8887151142178740E-003   6.1860114640656019E-003
   7.9406158449718527E-003   6.1351462350290632E-003
   7.9925158965211563E-003   6.0491962477574220E-003
   8.0444163953448770E-003   5.9660059779234990E-003
   8.0963166640433994E-003   5.9057758054539668E-003
   8.1482172666858393E-003   5.8248174980533897E-003
   8.2001181594098006E-003   5.7798154990935007E-003
   8.2520190369740586E-003   5.7602879840839118E-003
   8.3039201860310389E-003   5.9129590921348438E-003
   8.3558213414610533E-003   6.0723856811163001E-003
   8.4077224990585335E-003   6.1396675097713429E-003
   8.4596231507182585E-003   6.1700271590914794E-003
   8.5115233803511343E-003   6.1137279082013277E-003
   8.5634237866470553E-003   6.0195826326263470E-003
   8.6153242596656698E-003   5.9584853840044623E-003
   8.6672251622222536E-003   5.8825609404052999E-003
   8.7191259822985145E-003   5.8006123126388733E-003
   8.7710268576406888E-003   5.7540681649694628E-003
   8.8229277611519916E-003   5.7141249201465329E-003
   8.8748289354151425E-003   5.8327035291387067E-003
   8.9267301056421642E-003   5.9814345042262136E-003
   8.9786312147473440E-003   6.0215315551465955E-003
   9.0305319791763421E-003   6.0405167818921961E-003
   9.0824320108448073E-003   5.9893811171626288E-003
   9.1343325441746968E-003   5.9186398287688954E-003
   9.1862328577001513E-003   5.8864403535294641E-003
   9.2381334943743721E-003   5.8214482103955091E-003
   9.2900344033186640E-003   5.7711913814176606E-003
   9.3419352999133069E-003   5.7380215965982329E-003
   9.3938364514039776E-003   5.6995099774595987E-003
   9.4457376087880678E-003   5.8050562025047164E-003
   9.4976387681861233E-003   5.9458928599670493E-003
   9.5495394596355320E-003   5.9781558415218867E-003
   9.6014396987720834E-003   5.9897683736632474E-003
   9.6533400468230886E-003   5.9217807654977223E-003
   9.7052404862615974E-003   5.8726779288009127E-003
   9.7571414157960057E-003   5.8281952877040147E-003
   9.8090422310814461E-003   5.7716765112137448E-003
   9.8609431070971216E-003   5.7275058960843551E-003
   9.9128440115596045E-003   5.6863664459149465E-003
   9.9647451859501638E-003   5.6224275243034654E-003
   1.0016646356353982E-002   5.7255104652421309E-003
   1.0068547476689288E-002   5.8475058872751780E-003
   1.0120448265693451E-002   5.8677433302808000E-003
   1.0172348287299729E-002   5.8892595004436908E-003
   1.0224248849130089E-002   5.8505592212589946E-003
   1.0276149197387700E-002   5.8518856610719257E-003
   1.0328049857913734E-002   5.8322784496929719E-003
   1.0379950777191404E-002   5.8058636399050470E-003
   1.0431851686845583E-002   5.7723002646846303E-003
   1.0483752840086029E-002   5.7266641519561068E-003
   1.0535653998878772E-002   5.6559618268802112E-003
   1.0587555159570132E-002   5.7086474902581213E-003
   1.0639455876196385E-002   5.8268769926768330E-003
   1.0691356122813486E-002   5.8387162088365877E-003
   1.0743256441592530E-002   5.8398436170717331E-003
   1.0795156864732217E-002   5.8191385431320651E-003
   1.0847057811448131E-002   5.7968379322942149E-003
   1.0898958631250955E-002   5.7642058600711043E-003
   1.0950859512604523E-002   5.7392087832106569E-003
   1.1002760421885149E-002   5.6956486684745719E-003
   1.1054661596426475E-002   5.6135805082119326E-003
   1.1106562767057716E-002   5.5597798077756614E-003
   1.1158463892656907E-002   5.5837392899735199E-003
   1.1210364692729648E-002   5.6846926693241377E-003
   1.1262264710134817E-002   5.7051964413516922E-003
   1.1314165284701989E-002   5.7557074199421042E-003
   1.1366065651313375E-002   5.7868689942783390E-003
   1.1417966327916352E-002   5.7900523468208537E-003
   1.1469867251927677E-002   5.7932713296427289E-003
   1.1521768169219628E-002   5.7812047236832816E-003
   1.1573669323570346E-002   5.7358320259086864E-003
   1.1625570483258026E-002   5.6646564783842494E-003
   1.1677471644771970E-002   5.5871953575004091E-003
   1.1729372376014442E-002   5.5779125655055026E-003
   1.1781272628068095E-002   5.6642740454906689E-003
   1.1833172932916688E-002   5.6615534063308645E-003
   1.1885073348753793E-002   5.7137201973815636E-003
   1.1936974305990503E-002   5.7156647685013438E-003
   1.1988875124725410E-002   5.7081095352900018E-003
   1.2040776006890314E-002   5.7180870910327492E-003
   1.2092676917020876E-002   5.6920174678904891E-003
   1.2144578091623261E-002   5.6111407875111020E-003
   1.2196479262340468E-002   5.5522398259705693E-003
   1.2248380392986525E-002   5.4709202883327672E-003
   1.2300281204563376E-002   5.4281662639018638E-003
   1.2352181209294506E-002   5.5272036696594525E-003
   1.2404081799316151E-002   5.5742499212250145E-003
   1.2455982180937701E-002   5.6683990166418192E-003
   1.2507882863550290E-002   5.6887791959097491E-003
   1.2559783795591348E-002   5.7080385841401108E-003
   1.2611684718826940E-002   5.7202755341812361E-003
   1.2663585873725701E-002   5.6879199360662632E-003
   1.2715487033852365E-002   5.6196532289020627E-003
   1.2767388195766389E-002   5.5413408828496021E-003
   1.2819288952543329E-002   5.4484198511660607E-003
   1.2871189211063477E-002   5.3721110802563967E-003
   1.2923089473324798E-002   5.4504695800322925E-003
   1.2974989864315370E-002   5.4989463254659391E-003
   1.3026890834817150E-002   5.5677749615245953E-003
   1.3078791629904477E-002   5.5850526640653141E-003
   1.3130692498484812E-002   5.6172604119583310E-003
   1.3182593397083850E-002   5.6214917454161491E-003
   1.3234494571554669E-002   5.5573097767445644E-003
   1.3286395742032340E-002   5.4995826007794932E-003
   1.3338296882713437E-002   5.4241372610485195E-003
   1.3390197718007984E-002   5.3375781872468343E-003
   1.3442097711631481E-002   5.2511666356369353E-003
   1.3493998328357208E-002   5.3668725620814647E-003
   1.3545898732070821E-002   5.4675696355359210E-003
   1.3597799414108927E-002   5.5534758161739873E-003
   1.3649700358374204E-002   5.5921066501113392E-003
   1.3701601287559987E-002   5.6308458380498350E-003
   1.3753502442715820E-002   5.6326777545064547E-003
   1.3805403603045942E-002   5.5808020854019773E-003
   1.3857304765139892E-002   5.5160506694371097E-003
   1.3909205557269808E-002   5.4323284093639786E-003
   1.3961105832385563E-002   5.3460877146978888E-003
   1.4013006073393341E-002   5.2459587161436377E-003
   1.4064906455299019E-002   5.3577265761073824E-003
   1.4116807435730435E-002   5.4396969772100299E-003
   1.4168708203423324E-002   5.5067721850016954E-003
   1.4220609055727753E-002   5.5518288117404448E-003
   1.4272509940548022E-002   5.5780940636386746E-003
   1.4324411114837260E-002   5.5426657708432508E-003
   1.4376312285003821E-002   5.5058032765160619E-003
   1.4428213434738494E-002   5.4390362095628137E-003
   1.4480114291299185E-002   5.3589229010017440E-003
   1.4532014296063047E-002   5.2795068612038068E-003
   1.4583914930826388E-002   5.2111448092139537E-003
   1.4635815351698542E-002   5.3638117323170191E-003
   1.4687716030016942E-002   5.4674868043340782E-003
   1.4739616981290133E-002   5.5647135130332433E-003
   1.4791517912838380E-002   5.6121568232075369E-003
   1.4843419067946017E-002   5.6316182968938425E-003
   1.4895320228236815E-002   5.6039302498887529E-003
   1.4947221390290213E-002   5.5461450476096867E-003
   1.4999122200393154E-002   5.4748287253233953E-003
   1.5051022485820152E-002   5.3894834163416830E-003
   1.5102922724380356E-002   5.2989362839682636E-003
   1.5154823107297374E-002   5.2358035206283085E-003
   1.5206724090154687E-002   5.3521310912044680E-003
   1.5258624840148425E-002   5.4403343492149788E-003
   1.5310525681410397E-002   5.5291599474033091E-003
   1.5362426556836516E-002   5.5556705519217014E-003
   1.5414327730984416E-002   5.5438610903152854E-003
   1.5466228900915860E-002   5.5328393528166521E-003
   1.5518130055102865E-002   5.4766379327791919E-003
   1.5570030922639483E-002   5.4108183118400611E-003
   1.5621930933200388E-002   5.3282874094914235E-003
   1.5673831577564506E-002   5.2531378736598733E-003
   1.5725732006916623E-002   5.2416827914797594E-003
   1.5777632680623425E-002   5.3442194889422104E-003
   1.5829533636672707E-002   5.4640604078057819E-003
   1.5881434569115158E-002   5.5595359911899808E-003
   1.5933335724050667E-002   5.5732091106580148E-003
   1.5985236884201597E-002   5.5585327056310203E-003
   1.6037138046123018E-002   5.5592272054879720E-003
   1.6089038872436252E-002   5.5464078059362879E-003
   1.6140939165493390E-002   5.4812097891755417E-003
   1.6192839391354321E-002   5.3951082704253514E-003
   1.6244739768243692E-002   5.3260595566462362E-003
   1.6296640755537287E-002   5.2528980513346975E-003
   1.6348541484418527E-002   5.2282793154296171E-003
   1.6400442312714408E-002   5.3228244512231442E-003
   1.6452343177120250E-002   5.3742270674961568E-003
   1.6504244351107887E-002   5.3281800611276568E-003
   1.6556145520770438E-002   5.3818339271142091E-003
   1.6608046681362829E-002   5.4463806042621488E-003
   1.6659947564621951E-002   5.4396881113270871E-003
   1.6711847570220116E-002   5.3912726029368765E-003
   1.6763748229521008E-002   5.3311696533825089E-003
   1.6815648672552804E-002   5.3328655231350743E-003
   1.6867549344904288E-002   5.2991689486011221E-003
   1.6919450309317026E-002   5.2909118409378043E-003
   1.6971351245491196E-002   5.2931388850109284E-003
   1.7023252400528554E-002   5.2904348954687453E-003
   1.7075153560759528E-002   5.3649749617525845E-003
   1.7127054722749696E-002   5.4998822843658982E-003
   1.7178955577065745E-002   5.5751267651710356E-003
   1.7230855881847765E-002   5.5703554552303568E-003
   1.7282756082649047E-002   5.5129423703691137E-003
   1.7334656446288288E-002   5.4708710886523966E-003
   1.7386557443181024E-002   5.4369757741101017E-003
   1.7438458144743138E-002   5.3755406568379138E-003
   1.7490358956785843E-002   5.3737938898923534E-003
   1.7542259807424521E-002   5.3805151074173656E-003
   1.7594160981228020E-002   5.4487355975404430E-003
   1.7646062150577610E-002   5.6558369074757222E-003
   1.7697963319620511E-002   5.7704117088633201E-003
   1.7749864225071937E-002   5.8379903921346246E-003
   1.7801764226433425E-002   5.8242507990126334E-003
   1.7853664904016884E-002   5.7624099708712415E-003
   1.7905565366108205E-002   5.7608322672158645E-003
   1.7957466038063304E-002   5.7368601907203942E-003
   1.8009367013375993E-002   5.6977350939967138E-003
   1.8061267954872479E-002   5.6838358448887197E-003
   1.8113169110135677E-002   5.6646811107034078E-003
   1.8165070270546067E-002   5.8060229984869018E-003
   1.8216971432695215E-002   5.9752409490104203E-003
   1.8268872319570719E-002   6.0382147577961141E-003
   1.8320772639304143E-002   6.0651673485377635E-003
   1.8372672816387693E-002   6.0330903691775840E-003
   1.8424573168291027E-002   5.9903184205313820E-003
   1.8476474176307819E-002   5.9660778296708843E-003
   1.8528374851654043E-002   5.9198200980324234E-003
   1.8580275648406933E-002   5.8645113610258457E-003
   1.8632176486139664E-002   5.8153043333275100E-003
   1.8684077659784627E-002   5.7551273330526953E-003
   1.8735978828859041E-002   5.9096615734459184E-003
   1.8787879997621704E-002   6.0380043077194112E-003
   1.8839780094570827E-002   6.0680267321603400E-003
   1.8891680086202383E-002   6.0865183590669159E-003
   1.8943580775082711E-002   6.0488261284455669E-003
   1.8995481251958300E-002   6.0334635854410370E-003
   1.9047381925169766E-002   6.0133153135159562E-003
   1.9099282910811470E-002   5.9951795857700043E-003
   1.9151183857838452E-002   5.9508769430686517E-003
   1.9203085013422379E-002   5.8957287416138938E-003
   1.9254986174085498E-002   5.8211590656997592E-003
   1.9306887336461805E-002   5.9342181697872136E-003
   1.9358788249093595E-002   6.0502396154893364E-003
   1.9410688592551139E-002   6.0690850900499884E-003
   1.9462588754339174E-002   6.0848830825470370E-003
   1.9514489100494459E-002   6.0673301493151862E-003
   1.9566390120052551E-002   6.0443496118241739E-003
   1.9618290766686693E-002   6.0199530271516800E-003
   1.9670191546652026E-002   5.9961392373818860E-003
   1.9722092370224525E-002   5.9352072085995210E-003
   1.9773993543694749E-002   5.8583627668102288E-003
   1.9825894712465819E-002   5.7987507145213233E-003
   1.9877795880920202E-002   5.8771084326996242E-003
   1.9929696029811612E-002   5.9771987641417685E-003
   1.9981596050507099E-002   5.9900600184577355E-003
   2.0033496759256926E-002   6.0094144999049007E-003
   2.0085397267331620E-002   6.0276706356244998E-003
   2.0137297944614517E-002   6.0078219688735534E-003
   2.0189198943652571E-002   6.0173491241087588E-003
   2.0241099898684414E-002   6.0129387491657544E-003
   2.0293001054828470E-002   5.9621507392624944E-003
   2.0344902215940031E-002   5.8886554721542363E-003
   2.0396803378722551E-002   5.8361833218156575E-003
   2.0448704309327246E-002   5.9130469295226619E-003
   2.0500604700105330E-002   6.0040068849934337E-003
   2.0552504854166789E-002   6.0105778339488262E-003
   2.0604405196820993E-002   6.0466697366548475E-003
   2.0656306229760186E-002   6.0565071463438772E-003
   2.0708206839536822E-002   6.0349448003668383E-003
   2.0760107597561760E-002   6.0328754226476591E-003
   2.0812008402461994E-002   6.0039999131766266E-003
   2.0863909575682207E-002   5.9354123517836215E-003
   2.0915810744030098E-002   5.8741091136029055E-003
   2.0967711912053502E-002   5.7908341055599617E-003
   2.1019612120078010E-002   5.8563213637928910E-003
   2.1071512171542760E-002   5.9468099983375627E-003
   2.1123412903863971E-002   5.9630914740352947E-003
   2.1175313445287391E-002   6.0391454550270604E-003
   2.1227214123652988E-002   6.0481439980125595E-003
   2.1279115137831390E-002   6.0495445465403664E-003
   2.1331016100751467E-002   6.0642264297821229E-003
   2.1382917257308530E-002   6.0353068992612738E-003
   2.1434818418749144E-002   5.9688467188742725E-003
   2.1486719581826654E-002   5.9061076144847451E-003
   2.1538620531791907E-002   5.8173611867309936E-003
   2.1590520965356696E-002   5.8757289151316113E-003
   2.1642421116647183E-002   5.9639298324524817E-003
   2.1694321464184357E-002   6.0018260348067044E-003
   2.1746222508371948E-002   6.0785207127448376E-003
   2.1798123075331348E-002   6.0909381352610998E-003
   2.1850023807516480E-002   6.0975142504674628E-003
   2.1901924590533892E-002   6.0916269737763887E-003
   2.1953825763459035E-002   6.0486947156498895E-003
   2.2005726931306518E-002   5.9817174926999452E-003
   2.2057628098820708E-002   5.8889958471284604E-003
   2.2109528366025373E-002   5.7891777070394040E-003
   2.2161428450313707E-002   5.8455322471813757E-003
   2.2213329205163074E-002   5.9377485043594219E-003
   2.2265229776503741E-002   6.0122125178649162E-003
   2.2317130451054192E-002   6.0838591451870816E-003
   2.2369031463570280E-002   6.1129595139476304E-003
   2.2420932423320349E-002   6.1277440174127918E-003
   2.2472833581771177E-002   6.1237209668467390E-003
   2.2524734745716760E-002   6.0814945584841814E-003
   2.2576635910604027E-002   6.0111311113213266E-003
   2.2628536879701528E-002   5.9117756589825415E-003
   2.2680437349924806E-002   5.7987219166342526E-003
   2.2732337500642550E-002   5.8570845700094210E-003
   2.2784237855653554E-002   5.9703440943338687E-003
   2.2836138856151735E-002   6.0474257626507320E-003
   2.2888039378722008E-002   6.1232090628333012E-003
   2.2939940125225981E-002   6.1605907005015826E-003
   2.2991840902766805E-002   6.1650748559231566E-003
   2.3043742073945220E-002   6.1497122790748135E-003
   2.3095643240227795E-002   6.0967030897020342E-003
   2.3147544406459934E-002   5.9979101512019177E-003
   2.3199444727265359E-002   5.8854846225619636E-003
   2.3251344840197426E-002   5.7675295415596795E-003
   2.3303245577417770E-002   5.8330825601000053E-003
   2.3355146154458387E-002   5.9816165020059858E-003
   2.3407046829760920E-002   6.0484805610555529E-003
   2.3458947776431146E-002   6.1395599051452332E-003
   2.3510848696099925E-002   6.1829572997805339E-003
   2.3562749633626420E-002   6.1919354939355435E-003
   2.3614650806555709E-002   6.1738393286102575E-003
   2.3666551975261158E-002   6.1181614591691805E-003
   2.3718452964358937E-002   6.0114611238975286E-003
   2.3770353470525592E-002   5.8911639480775345E-003
   2.3822253611688257E-002   5.7753248736187928E-003
   2.3874153968186974E-002   5.8660180230799813E-003
   2.3926053923269217E-002   6.0233534558041630E-003
   2.3977954437487060E-002   6.0994809373503120E-003
   2.4029855200443762E-002   6.2061936294395140E-003
   2.4081755984299891E-002   6.2427312194417578E-003
   2.4133657139580711E-002   6.2461291909785017E-003
   2.4185558296540274E-002   6.2191573152079356E-003
   2.4237459455175626E-002   6.1381534297559569E-003
   2.4289359822177906E-002   6.0147465591715637E-003
   2.4341259958840976E-002   5.8854916606212232E-003
   2.4393160649271738E-002   5.7652904981172811E-003
   2.4445061216271293E-002   5.8709007528165687E-003
   2.4496961920256459E-002   6.0107731775959862E-003
   2.4548862832224169E-002   6.0941085005021788E-003
   2.4600763730474630E-002   6.2059217315155873E-003
   2.4652664647454987E-002   6.2427982431759437E-003
   2.4704565820434305E-002   6.2368805907191092E-003
   2.4756466988963607E-002   6.2046925480988852E-003
   2.4808367995780890E-002   6.1146277135685264E-003
   2.4860268539443734E-002   5.9851437348314024E-003
   2.4912168671979602E-002   5.8585091116054788E-003
   2.4964069030879863E-002   5.7603113390967131E-003
   2.5015969026395989E-002   5.8595045771090634E-003
   2.5067869547266055E-002   6.0126403937094293E-003
   2.5119770330496210E-002   6.1142698183118517E-003
   2.5171671126681741E-002   6.2206474371125113E-003
   2.5223572268244711E-002   6.2562369844863909E-003
   2.5275473417640373E-002   6.2469077538021634E-003
   2.5327374569680625E-002   6.1965375171684810E-003
   2.5379274979916849E-002   6.0916225619762551E-003
   2.5431175137489621E-002   5.9596316544275859E-003
   2.5483075799415472E-002   5.8320674697057810E-003
   2.5534976367023152E-002   5.7631501946384250E-003
   2.5586877100044956E-002   5.8183067991310119E-003
   2.5638777989912705E-002   5.9778950418283468E-003
   2.5690678878801370E-002   6.0884625694269806E-003
   2.5742579788266974E-002   6.1934970090905973E-003
   2.5794480961377538E-002   6.2152767299352395E-003
   2.5846382130047092E-002   6.2015880784198115E-003
   2.5898283153540515E-002   6.1404478726257618E-003
   2.5950183731599102E-002   6.0314819401470869E-003
   2.6002083858835158E-002   5.9043294581356464E-003
   2.6053984221645350E-002   5.8029028253087696E-003
   2.6105884259598391E-002   5.7553590623390244E-003
   2.6157784791331379E-002   5.8068674307159406E-003
   2.6209685593741806E-002   5.9852424383385668E-003
   2.6261586403029606E-002   6.0936984444201168E-003
   2.6313487545667435E-002   6.2030387314309203E-003
   2.6365388695930133E-002   6.2196149855057101E-003
   2.6417289848769194E-002   6.1914954551791478E-003
   2.6469190306392134E-002   6.1166142505843547E-003
   2.6521090486446582E-002   6.0072471048310729E-003
   2.6572991135916268E-002   5.8832738321254099E-003
   2.6624891712772648E-002   5.8125031159571069E-003
   2.6676792469530961E-002   5.7491552372025533E-003
   2.6728693342031113E-002   5.7816901052932437E-003
   2.6780594224727516E-002   5.9680815630151728E-003
   2.6832495129959222E-002   6.0698397037380189E-003
   2.6884396303234540E-002   6.1581682788117665E-003
   2.6936297472106494E-002   6.1658769090967586E-003
   2.6988198509856370E-002   6.1243108425913092E-003
   2.7040099118123915E-002   6.0441766672965193E-003
   2.7091999239375549E-002   5.9347437092052242E-003
   2.7143899604716821E-002   5.8401169576431586E-003
   2.7195799679874483E-002   5.7903721713177371E-003
   2.7247700220858366E-002   5.7472782290853720E-003
   2.7299601040769606E-002   5.7808411296137088E-003
   2.7351501861778670E-002   5.9683008164421805E-003
   2.7403403005350657E-002   6.0801377625635984E-003
   2.7455304156367183E-002   6.1647393155392360E-003
   2.7507205309900518E-002   6.1590280668229035E-003
   2.7559105810169151E-002   6.1053336836878590E-003
   2.7611006008872754E-002   6.0265103900432803E-003
   2.7662906640152762E-002   5.9163650686743889E-003
   2.7714807221806519E-002   5.8504161297306071E-003
   2.7766708002236122E-002   5.7845114893269991E-003
   2.7818608858456630E-002   5.7430845281201195E-003
   2.7870509735679116E-002   5.7611085614818012E-003
   2.7922410637297560E-002   5.9399713994408958E-003
   2.7974311810746780E-002   6.0269541793424170E-003
   2.8026212979837345E-002   6.1024397343568742E-003
   2.8078114030983158E-002   6.0825933036703925E-003
   2.8130014668582008E-002   6.0250128311199851E-003
   2.8181914781095385E-002   5.9449499107507462E-003
   2.8233815190160567E-002   5.8622355353158528E-003
   2.8285715314987438E-002   5.8200357950417749E-003
   2.8337615857271365E-002   5.7806645361590985E-003
   2.8389516692441490E-002   5.7709677195431986E-003
   2.8441417522062105E-002   5.7720393183778688E-003
   2.8493318666272808E-002   5.9539732039426314E-003
   2.8545219817807884E-002   6.0386812246044710E-003
   2.8597120971816218E-002   6.0958758628828396E-003
   2.8649021507762353E-002   6.0580464308657867E-003
   2.8700921716782027E-002   5.9987841184508204E-003
   2.8752822311429983E-002   5.9138944165796296E-003
   2.8804722889309346E-002   5.8565378989258853E-003
   2.8856623702580853E-002   5.7986093367048191E-003
   2.8908524561697499E-002   5.7601971097152090E-003
   2.8960425448022291E-002   5.7641092172544157E-003
   2.9012326358998430E-002   5.7520008951801749E-003
   2.9064227532917052E-002   5.8990598975728562E-003
   2.9116128702700264E-002   5.9827940893160741E-003
   2.9168029767402119E-002   6.0201887464096694E-003
   2.9219930433507738E-002   5.9726419766227140E-003
   2.9271830535495279E-002   5.9127739347058983E-003
   2.9323730973005998E-002   5.8553696922337504E-003
   2.9375631151091961E-002   5.8242995947193985E-003
   2.9427531708854916E-002   5.7902082152157999E-003
   2.9479432563157038E-002   5.7858643424185327E-003
   2.9531333407215882E-002   5.8005827525317837E-003
   2.9583234552727974E-002   5.8045431081987968E-003
   2.9635135705315261E-002   5.9372013697383359E-003
   2.9687036860293795E-002   6.0153680201181520E-003
   2.9738937431520656E-002   6.0354893570326289E-003
   2.9790837651162951E-002   5.9822255331968676E-003
   2.9842738211901931E-002   5.9152099197113429E-003
   2.9894638778559694E-002   5.8773443023965987E-003
   2.9946539618953355E-002   5.8283739853274468E-003
   2.9998440474995905E-002   5.7945604674929652E-003
   3.0050341364451644E-002   5.7997431077020361E-003
   3.0102242279035064E-002   5.7990619343152219E-003
   3.0154143453212795E-002   5.7818686350908990E-003
   3.0206044623370468E-002   5.8935149235856479E-003
   3.0257945700561579E-002   5.9536690477840631E-003
   3.0309846393652001E-002   5.9618542565158441E-003
   3.0361746484127660E-002   5.9058293645234744E-003
   3.0413646946258411E-002   5.8654849413463600E-003
   3.0465547171105480E-002   5.8555845374650348E-003
   3.0517447745369037E-002   5.8290094034865944E-003
   3.0569348617308832E-002   5.8342049501642051E-003
   3.0621249475351525E-002   5.8462556861962299E-003
   3.0673150622192436E-002   5.8573083657091725E-003
   3.0725051775848260E-002   5.8302806621141389E-003
   3.0776952931811163E-002   5.8986188729794869E-003
   3.0828853535091013E-002   5.9378138056530175E-003
   3.0880753762195238E-002   5.9291735638158597E-003
   3.0932654282253100E-002   5.8527145734197589E-003
   3.0984554825219963E-002   5.8211105298835121E-003
   3.1036455687427092E-002   5.8196192447640543E-003
   3.1088356532316952E-002   5.8394209526215169E-003
   3.1140257417778750E-002   5.8649780528736489E-003
   3.1192158329302524E-002   5.8685972002249119E-003
   3.1244059503526770E-002   5.8447651854667375E-003
   3.1295960673735204E-002   5.7788178448293431E-003
   3.1347861762666622E-002   5.7229096547249921E-003
   3.1399762481858669E-002   5.7362759294111061E-003
   3.1451662557077910E-002   5.7074087936777162E-003
   3.1503563043464432E-002   5.6254496284992937E-003
   3.1555463296886091E-002   5.6774244143729807E-003
   3.1607363886218973E-002   5.7729778996730699E-003
   3.1659264770318017E-002   5.8361425029176354E-003
   3.1711165639352765E-002   5.8797041969751336E-003
   3.1763066787417936E-002   5.9082373834759751E-003
   3.1814967942054469E-002   5.8967439198962576E-003
   3.1866869098920211E-002   5.8364717590684142E-003
   3.1918769730185224E-002   5.7497211174413320E-003
   3.1970669960070690E-002   5.6465312454718058E-003
   3.2022570423683290E-002   5.5527864404523071E-003
   3.2074470932200644E-002   5.6090495744352932E-003
   3.2126371817292547E-002   5.7447559152986275E-003
   3.2178272652895808E-002   5.8531118550032230E-003
   3.2230173535743305E-002   5.9376300676945454E-003
   3.2282074445413464E-002   5.9675921245294691E-003
   3.2333975619704934E-002   5.9614332712787099E-003
   3.2385876789998970E-002   5.9328526097386040E-003
   3.2437777889518356E-002   5.8421694172820608E-003
   3.2489678632263069E-002   5.7563609454354793E-003
   3.2541578686761760E-002   5.6873319681476978E-003
   3.2593479195887703E-002   5.7221833104346143E-003
   3.2645379480366020E-002   5.9350891275933310E-003
   3.2697280095581982E-002   6.0834770744939339E-003
   3.2749180991770550E-002   6.2226678771138948E-003
   3.2801081875149650E-002   6.3028337857409487E-003
   3.2852983025060747E-002   6.3282028613156766E-003
   3.2904884181178713E-002   6.3233226775969388E-003
   3.2956785339411196E-002   6.2758300458759068E-003
   3.3008685999243385E-002   6.1611746098358990E-003
   3.3060586233310457E-002   6.0435825363721087E-003
   3.3112486641143635E-002   5.9315251388248422E-003
   3.3164387116269227E-002   6.0541251349805168E-003
   3.3216288023906838E-002   6.2209054151977517E-003
   3.3268188852049900E-002   6.3185971372185304E-003
   3.3320089733416360E-002   6.4318709997286680E-003
   3.3371990642206889E-002   6.4835765801674588E-003
   3.3423891816579836E-002   6.4671432193714202E-003
   3.3475792986983180E-002   6.4469488232620940E-003
   3.3527694096944220E-002   6.3675608587429973E-003
   3.3579594862564434E-002   6.2297129448056305E-003
   3.3631494899315467E-002   6.1014146121752960E-003
   3.3683395432872472E-002   5.9999346392195785E-003
   3.3735295750464515E-002   6.1513655731712446E-003
   3.3787196392814287E-002   6.3145725239290625E-003
   3.3839097301298020E-002   6.4216533497223425E-003
   3.3890998199535394E-002   6.5355286378003703E-003
   3.3942899351371902E-002   6.5706216688014418E-003
   3.3994800509036027E-002   6.5307594434188057E-003
   3.4046701668692878E-002   6.4899795973515787E-003
   3.4098602358350681E-002   6.3970766958440029E-003
   3.4150502597228363E-002   6.2456960822800181E-003
   3.4202402949309291E-002   6.0933882957065659E-003
   3.4254303391180407E-002   5.9986335109737240E-003
   3.4306204321583815E-002   6.1010143822125716E-003
   3.4358105142812623E-002   6.2498004765179334E-003
   3.4410006022838065E-002   6.3518635091410827E-003
   3.4461906930768747E-002   6.4494921509660593E-003
   3.4513808105219840E-002   6.4529160631648826E-003
   3.4565709275723604E-002   6.4325270175151252E-003
   3.4617610395780853E-002   6.3742622652370601E-003
   3.4669511184001439E-002   6.2698122083750391E-003
   3.4721411204587369E-002   6.1344909508515020E-003
   3.4773311766199508E-002   6.0200848693211361E-003
   3.4825212115780241E-002   5.9789453136471320E-003
   3.4877112778121139E-002   6.1024589788340848E-003
   3.4929013698363029E-002   6.2806143002355841E-003
   3.4980914609068381E-002   6.3922743931165349E-003
   3.5032815762435755E-002   6.4811018198400938E-003
   3.5084716921330403E-002   6.4787724411040576E-003
   3.5136618082115233E-002   6.4330151191567646E-003
   3.5188518803593132E-002   6.3721609232878186E-003
   3.5240419049958185E-002   6.2622223774718312E-003
   3.5292319351644785E-002   6.1155927159679147E-003
   3.5344219764109487E-002   6.0226763117542641E-003
   3.5396120715807292E-002   5.9634838185131690E-003
   3.5448021525745416E-002   6.0730568936404727E-003
   3.5499922401365826E-002   6.2566803406543213E-003
   3.5551823305772508E-002   6.3494785960496033E-003
   3.5603724480255415E-002   6.3976158482895026E-003
   3.5655625650781647E-002   6.4044339794730289E-003
   3.5707526780687067E-002   6.3473779647465539E-003
   3.5759427591261862E-002   6.2658933594610024E-003
   3.5811327592779101E-002   6.1640267777401635E-003
   3.5863228182595255E-002   6.0691002492299414E-003
   3.5915128562011865E-002   6.0258423752477157E-003
   3.5967029241642981E-002   5.9901876322621334E-003
   3.6018930174065503E-002   6.1324633093556950E-003
   3.6070831096505246E-002   6.3230716801697430E-003
   3.6122732251224816E-002   6.4133401928326179E-003
   3.6174633411206268E-002   6.4690680051394788E-003
   3.6226534572986066E-002   6.4507783584066784E-003
   3.6278435332115208E-002   6.3802803574102866E-003
   3.6330335592599045E-002   6.2878659916238318E-003
   3.6382235856457446E-002   6.1628168653685336E-003
   3.6434136248923124E-002   6.0663759153963027E-003
   3.6486037219937713E-002   5.9977460774839671E-003
   3.6537938012112206E-002   5.9480566819115899E-003
   3.6589838878883903E-002   6.0996390540337796E-003
   3.6641739775941901E-002   6.2734405284409394E-003
   3.6693640950391057E-002   6.3254395136548795E-003
   3.6745542120831580E-002   6.3915140547589925E-003
   3.6797443262744048E-002   6.3672712872796175E-003
   3.6849344101039572E-002   6.2937486187097007E-003
   3.6901244096563215E-002   6.2119730543000228E-003
   3.6953144716125610E-002   6.1326258632843226E-003
   3.7005045123328563E-002   6.0819812063699101E-003
   3.7056945804983699E-002   6.0327782657817802E-003
   3.7108846751275633E-002   6.0091076069197467E-003
   3.7160747681334698E-002   6.1669805476834375E-003
   3.7212648836508502E-002   6.3367938012654796E-003
   3.7264549996852574E-002   6.3969269089132388E-003
   3.7316451158958173E-002   6.4464357871657305E-003
   3.7368351958934509E-002   6.4092844571523415E-003
   3.7420252236927284E-002   6.3271751332440252E-003
   3.7472152466234344E-002   6.2276227946708356E-003
   3.7524052841577366E-002   6.1449698820750260E-003
   3.7575953826251056E-002   6.0727221323557809E-003
   3.7627854580674538E-002   6.0095274878766607E-003
   3.7679755425030388E-002   5.9921783249843024E-003
   3.7731656303113092E-002   6.1409078335045459E-003
   3.7783557477309923E-002   6.2762797686710045E-003
   3.7835458647319659E-002   6.3522679343791253E-003
   3.7887359802244280E-002   6.3976466170005122E-003
   3.7939260671639705E-002   6.3612789829530269E-003
   3.7991160665936587E-002   6.2873953580506346E-003
   3.8043061314338135E-002   6.2200019770148234E-003
   3.8094961747980251E-002   6.1862869722286353E-003
   3.8146862426647693E-002   6.1310802039626494E-003
   3.8198763386828948E-002   6.0999747679913105E-003
   3.8250664322897511E-002   6.0890591146470063E-003
   3.8302565478211849E-002   6.2374352330630085E-003
   3.8354466638666485E-002   6.3793320772511670E-003
   3.8406367800865586E-002   6.4307228576964562E-003
   3.8458268642846322E-002   6.4702949225501367E-003
   3.8510168939263574E-002   6.4217132126133123E-003
   3.8562069135342970E-002   6.3355944908237384E-003
   3.8613969494132372E-002   6.2718672654945183E-003
   3.8665870491726817E-002   6.2101470783878874E-003
   3.8717771205928245E-002   6.1361079017068412E-003
   3.8769672026177794E-002   6.1015900901846398E-003
   3.8821572883826982E-002   6.0733216153424068E-003
   3.8873474057744953E-002   6.1885429686807467E-003
   3.8925375227281490E-002   6.3424157721887128E-003
   3.8977276395477885E-002   6.3863085184126759E-003
   3.9029177296913166E-002   6.4165485195355684E-003
   3.9081077289551951E-002   6.3649693514429848E-003
   3.9132977964958245E-002   6.2898714261784708E-003
   3.9184878425986926E-002   6.2745557406225991E-003
   3.9236779103243948E-002   6.2300630037777274E-003
   3.9288680078115770E-002   6.1877792284598648E-003
   3.9340581021096638E-002   6.1658835117762304E-003
   3.9392482176667361E-002   6.1320492291330325E-003
   3.9444383337325667E-002   6.2398782381874835E-003
   3.9496284499703854E-002   6.3767185481750158E-003
   3.9548185386973189E-002   6.4188329099410663E-003
   3.9600085704532009E-002   6.4388916161101590E-003
   3.9651985869305920E-002   6.3828308717394401E-003
   3.9703886212916623E-002   6.3291486585898135E-003
   3.9755787224405148E-002   6.2921481019623630E-003
   3.9807687898002111E-002   6.2337211961641728E-003
   3.9859588694096719E-002   6.1848977310212869E-003
   3.9911489531302309E-002   6.1458149090983976E-003
   3.9963390704952237E-002   6.0835633942236626E-003
   4.0015291874030245E-002   6.1868390079397838E-003
   4.0067193042796621E-002   6.3110094769092597E-003
   4.0119093149840947E-002   6.3390432002811900E-003
   4.0170993144067475E-002   6.3543207219162109E-003
   4.0222893838400602E-002   6.3056232113053385E-003
   4.0274794324390469E-002   6.2927124536898121E-003
   4.0326695001723596E-002   6.2723889871631579E-003
   4.0378595991435701E-002   6.2477350188048716E-003
   4.0430496941821693E-002   6.2179113947731079E-003
   4.0482398097748902E-002   6.1770848063082374E-003
   4.0534299258687650E-002   6.1115935948125345E-003
   4.0586200421316006E-002   6.1789804926230055E-003
   4.0638101339500805E-002   6.2994053543380078E-003
   4.0690001699935967E-002   6.3159105846211944E-003
   4.0741901854728299E-002   6.3269190428869417E-003
   4.0793802196508418E-002   6.2983007730990654E-003
   4.0845703222377835E-002   6.2803069582987080E-003
   4.0897603860255483E-002   6.2504160921713851E-003
   4.0949504635406447E-002   6.2227544616373738E-003
   4.1001405454895723E-002   6.1788389023593963E-003
   4.1053306628323134E-002   6.1209427429235966E-003
   4.1105207797017436E-002   6.0766342570633958E-003
   4.1157108965393735E-002   6.1030313433239128E-003
   4.1209009133841970E-002   6.2114316503684396E-003
   4.1260909164912922E-002   6.2246531997757412E-003
   4.1312809881207592E-002   6.2441515633618778E-003
   4.1364710401164316E-002   6.2535606386808747E-003
   4.1416611080898440E-002   6.2380747734652091E-003
   4.1468512084667973E-002   6.2418700486040427E-003
   4.1520413042863816E-002   6.2340074342085152E-003
   4.1572314199270322E-002   6.1991195967270579E-003
   4.1624215360592534E-002   6.1408407022526396E-003
   4.1676116523566772E-002   6.0993280102832042E-003
   4.1728017459828445E-002   6.1000399963785073E-003
   4.1779917864707666E-002   6.1947747789037359E-003
   4.1831818019693733E-002   6.2044141622118265E-003
   4.1883718363616450E-002   6.2415360957318398E-003
   4.1935619399560621E-002   6.2444975329076927E-003
   4.1987519999064013E-002   6.2325170423123489E-003
   4.2039420750883967E-002   6.2332297348741952E-003
   4.2091321550504171E-002   6.2075106601988742E-003
   4.2143222723651418E-002   6.1605449950502180E-003
   4.2195123891876997E-002   6.1148748908752843E-003
   4.2247025059775886E-002   6.0407291428596971E-003
   4.2298925280790503E-002   6.0050473752465503E-003
   4.2350825340102892E-002   6.0916861506928009E-003
   4.2402726076963153E-002   6.1044181737468367E-003
   4.2454626624314290E-002   6.1779277445606646E-003
   4.2506527301406416E-002   6.1777494692870699E-003
   4.2558428318216157E-002   6.1864672880815302E-003
   4.2610329282041018E-002   6.2054854659517314E-003
   4.2662230438583387E-002   6.1863075816757642E-003
   4.2714131600011536E-002   6.1505993437833669E-003
   4.2766032763076028E-002   6.1089217556488246E-003
   4.2817933716083362E-002   6.0340928427834797E-003
   4.2869834155935080E-002   5.9660229896760257E-003
   4.2921734309865615E-002   6.0542272035065238E-003
   4.2973634660457241E-002   6.0887228301535652E-003
   4.3025535705415716E-002   6.1611779136235599E-003
   4.3077436265105927E-002   6.1677216783660917E-003
   4.3129336992973985E-002   6.1886756985459774E-003
   4.3181237772238278E-002   6.1925142065128976E-003
   4.3233138945088498E-002   6.1651879234081875E-003
   4.3285040112829395E-002   6.1286221140115218E-003
   4.3336941280239405E-002   6.0606770708409950E-003
   4.3388841555952629E-002   5.9782159923360868E-003
   4.3440741645209065E-002   5.8790364854126708E-003
   4.3492642403248308E-002   5.9600592907928561E-003
   4.3544542978453150E-002   6.0307096087608442E-003
   4.3596443651471160E-002   6.0905439546992297E-003
   4.3648344646740084E-002   6.1134947530156704E-003
   4.3700245595858847E-002   6.1460961176218456E-003
   4.3752146755508856E-002   6.1567855117380553E-003
   4.3804047923517719E-002   6.1363199125078378E-003
   4.3855949090469540E-002   6.1026133107959617E-003
   4.3907850063885707E-002   6.0329625963200318E-003
   4.3959750539802320E-002   5.9455736159290413E-003
   4.4011650688505259E-002   5.8408966649589143E-003
   4.4063551043438315E-002   5.9330452017788832E-003
   4.4115450977420166E-002   6.0143530301397909E-003
   4.4167351490609581E-002   6.0794502091732310E-003
   4.4219252237844349E-002   6.1148877005665694E-003
   4.4271153013395174E-002   6.1415282704347703E-003
   4.4323054184497876E-002   6.1474591102019848E-003
   4.4374955350655068E-002   6.1236493986902112E-003
   4.4426856516759414E-002   6.0678154695381547E-003
   4.4478756847418845E-002   5.9904018345959785E-003
   4.4530656965481405E-002   5.9022322636884325E-003
   4.4582557699061942E-002   5.8024075111582883E-003
   4.4634458276441157E-002   5.9207128188403331E-003
   4.4686358951206318E-002   5.9952097784410577E-003
   4.4738259887710401E-002   6.0717079865522565E-003
   4.4790160800869484E-002   6.1116689068072974E-003
   4.4842061732865215E-002   6.1446259129400334E-003
   4.4893962905725303E-002   6.1465623539610154E-003
   4.4945864074307576E-002   6.1198209615420732E-003
   4.4997765065850397E-002   6.0563818249661523E-003
   4.5049665577280740E-002   5.9727414531453357E-003
   4.5101565718241740E-002   5.8847900169984738E-003
   4.5153466075735803E-002   5.8078833156308468E-003
   4.5205366034580183E-002   5.9207319132698038E-003
   4.5257266548264757E-002   6.0068495100420432E-003
   4.5309167313112318E-002   6.0967644712084674E-003
   4.5361068097778824E-002   6.1296314312627442E-003
   4.5412969251014394E-002   6.1573780278180307E-003
   4.5464870406761372E-002   6.1555432715078729E-003
   4.5516771564390157E-002   6.1113904581358040E-003
   4.5568671935056322E-002   6.0382972416889256E-003
   4.5620572074333718E-002   5.9508453948261646E-003
   4.5672472765672309E-002   5.8664916485813914E-003
   4.5724373334047268E-002   5.8212456753635013E-003
   4.5776274038738997E-002   5.8908914597724992E-003
   4.5828174948295941E-002   5.9847673213138516E-003
   4.5880075844808417E-002   6.0753030975649507E-003
   4.5931976760121056E-002   6.1017589174863929E-003
   4.5983877933071390E-002   6.1126846150449153E-003
   4.6035779101550253E-002   6.1184369329080656E-003
   4.6087680108674103E-002   6.1077852416069923E-003
   4.6139580652987795E-002   6.0438426470272692E-003
   4.6191480790498611E-002   5.9588328548833090E-003
   4.6243381159282150E-002   5.8522305392863438E-003
   4.6295280785090348E-002   5.7622422655740557E-003
   4.6347440135926059E-002   5.7634636267202017E-003
   4.6400079751976339E-002   5.8256915610796515E-003
   4.6453310591695482E-002   5.7997383991662743E-003
   4.6507300960064078E-002   5.8846053089104929E-003
   4.6562281750157565E-002   6.0378463651229565E-003
   4.6618893627297056E-002   6.1921717291428579E-003
   4.6677254946540465E-002   6.3089632345515994E-003
   4.6737362996135214E-002   6.4619576074809093E-003
   4.6799280360736106E-002   6.6039285211073624E-003
   4.6862874767645030E-002   6.9599268839230346E-003
   4.6927621307897439E-002   7.4144459768937816E-003
   4.6993480658719514E-002   7.9689898209830967E-003
   4.7060143035181898E-002   8.5963644658335562E-003
   4.7126840469203402E-002   9.3920837001533128E-003
   4.7193271968737530E-002   1.0109726814889735E-002
   4.7259420475063006E-002   1.0684599646675758E-002
   4.7325268914420619E-002   1.1341156395042983E-002
   4.7390811232011165E-002   1.1972434605987648E-002
   4.7456011068879707E-002   1.2528643631791065E-002
   4.7520906918224415E-002   1.3075330445481224E-002
   4.7585240282770322E-002   1.3605758710148737E-002
   4.7648988946396881E-002   1.4292853873206009E-002
   4.7712207590500155E-002   1.4928003063533809E-002
   4.7774939545675854E-002   1.5453274870021481E-002
   4.7837275148100128E-002   1.5831866673688015E-002
   4.7899268024831028E-002   1.6149068346440153E-002
   4.7960965167068326E-002   1.6392265321141124E-002
   4.8022361470418218E-002   1.6596200628966662E-002
   4.8083473502764131E-002   1.6847148470866671E-002
   4.8144279175762611E-002   1.7085799139587264E-002
   4.8204772364025428E-002   1.7522037956056509E-002
   4.8264957592062854E-002   1.7874185521366586E-002
   4.8324864275908375E-002   1.8106444152328458E-002
   4.8384535646602757E-002   1.8330339217850645E-002
   4.8444004915986161E-002   1.8632949406162856E-002
   4.8503335009605651E-002   1.8862985548603141E-002
   4.8562584004604566E-002   1.9101648808531747E-002
   4.8621799827200891E-002   1.9351282969026423E-002
   4.8681019558278991E-002   1.9600543597601997E-002
   4.8740273094118554E-002   1.9931013425491570E-002
   4.8799589203788706E-002   2.0447664179280945E-002
   4.8858620349110982E-002   2.1120166076176398E-002
   4.8917280246147270E-002   2.1814886139426882E-002
   4.8975556048628223E-002   2.2516040111268749E-002
   4.9033442433732810E-002   2.3216169217078055E-002
   4.9090931453517457E-002   2.3916876229404898E-002
   4.9148018743012535E-002   2.4619613777719880E-002
   4.9204732533106504E-002   2.5315190875105288E-002
   4.9261094755035796E-002   2.6003875961401010E-002
   4.9317072350595119E-002   2.6699215269525279E-002
   4.9372655215077353E-002   2.7390015487873082E-002
   4.9427837356036897E-002   2.8065515521062862E-002
   4.9482639730304666E-002   2.8727519236132759E-002
   4.9537094952678745E-002   2.9372127518386297E-002
   4.9591243567980690E-002   2.9989919513291816E-002
   4.9645088328820530E-002   3.0614398993932583E-002
   4.9698633862175275E-002   3.1218142200680057E-002
   4.9751884258342538E-002   3.1799333652782813E-002
   4.9804847782818226E-002   3.2366663806579862E-002
   4.9857533876028877E-002   3.2926689158869198E-002
   4.9909946795133768E-002   3.3480471223667936E-002
   4.9962102842168454E-002   3.4033135063564202E-002
   5.0014031351026340E-002   3.4601784346084699E-002
   5.0065752896695855E-002   3.5208166096602614E-002
   5.0117296797226644E-002   3.5838399585502251E-002
   5.0168700303784015E-002   3.6476692618580553E-002
   5.0219995962250789E-002   3.7120159521009589E-002
   5.0271216374593218E-002   3.7774814343020803E-002
   5.0322393540313023E-002   3.8442833908267922E-002
   5.0373552039339783E-002   3.9125279496484658E-002
   5.0424718357051229E-002   3.9814065774929699E-002
   5.0475925368405755E-002   4.0511358062336564E-002
   5.0527203624024637E-002   4.1220112071165139E-002
   5.0578401100886183E-002   4.1922442896522256E-002
   5.0629161348355829E-002   4.2603325108064867E-002
   5.0679523466325586E-002   4.3257288116307413E-002
   5.0729533600511065E-002   4.3884999324938383E-002
   5.0779277385774396E-002   4.4483452974481016E-002
   5.0828567023264014E-002   4.5049425100240875E-002
   5.0877448230661197E-002   4.5583945767747956E-002
   5.0925938137170737E-002   4.6088798675646345E-002
   5.0974024558788265E-002   4.6560978329539843E-002
   5.1021693141989420E-002   4.7010266385843553E-002
   5.1068936838423229E-002   4.7432875509704417E-002
   5.1115766517787438E-002   4.7857299411628904E-002
   5.1162194617015509E-002   4.8264344145064177E-002
   5.1208237442646541E-002   4.8657448762519873E-002
   5.1253908580241439E-002   4.9041561645725235E-002
   5.1299224850462573E-002   4.9419789535129086E-002
   5.1344209267725142E-002   4.9794560387797213E-002
   5.1388883256786200E-002   5.0160496241694892E-002
   5.1433264099469793E-002   5.0517648101498176E-002
   5.1477363789447256E-002   5.0865905470640939E-002
   5.1521194532600831E-002   5.1199062830693823E-002
   5.1564769462606151E-002   5.1510797088335676E-002
   5.1608101689985864E-002   5.1829831442259965E-002
   5.1651202377886202E-002   5.2160453338646960E-002
   5.1694080374087625E-002   5.2500090702242257E-002
   5.1736743158470072E-002   5.2823927622379169E-002
   5.1779196013997685E-002   5.3131070613383985E-002
   5.1821450362289433E-002   5.3419166621490169E-002
   5.1863520071397703E-002   5.3684116978080877E-002
   5.1905418358662074E-002   5.3923222497370908E-002
   5.1947142653822380E-002   5.4134339274778766E-002
   5.1988681922631882E-002   5.4315768526036610E-002
   5.2030028181820370E-002   5.4467183242200456E-002
   5.2071171434951220E-002   5.4592169732859325E-002
   5.2112111933984594E-002   5.4696075487332643E-002
   5.2152856825397269E-002   5.4785673094585298E-002
   5.2193418881889754E-002   5.4886323697179801E-002
   5.2233810377641965E-002   5.4978234810536812E-002
   5.2274043949087717E-002   5.5056763994259780E-002
   5.2314131746645211E-002   5.5121309533490842E-002
   5.2354076122401637E-002   5.5175313753768725E-002
   5.2393882929847313E-002   5.5221268995314980E-002
   5.2433560042857409E-002   5.5252850100650466E-002
   5.2473119230695517E-002   5.5269930791632851E-002
   5.2512570743008219E-002   5.5275291356962568E-002
   5.2551924551050337E-002   5.5267447424229107E-002
   5.2591190507069521E-002   5.5245219554851822E-002
   5.2630377022184587E-002   5.5204671528473102E-002
   5.2669490728390347E-002   5.5142644146843750E-002
   5.2708536693723052E-002   5.5059874536807940E-002
   5.2747518845725053E-002   5.4959718117667332E-002
   5.2786440385010708E-002   5.4932627562335766E-002
   5.2825302395074984E-002   5.4897136248029804E-002
   5.2864106812685586E-002   5.4841357817447131E-002
   5.2902863424398879E-002   5.4766833315005606E-002
   5.2941590272618348E-002   5.4674521056311813E-002
   5.2980306042776697E-002   5.4607886077847424E-002
   5.3019000707180783E-002   5.4540156580691383E-002
   5.3057652374857253E-002   5.4439512088676575E-002
   5.3096256150803559E-002   5.4307712038762682E-002
   5.3134803700020196E-002   5.4150044057367813E-002
   5.3173290062436845E-002   5.3972156396230223E-002
   5.3211715013460489E-002   5.3780236545863752E-002
   5.3250036890758821E-002   5.3567122765806226E-002
   5.3288200388708781E-002   5.3350065758586897E-002
   5.3326190955075875E-002   5.3204589230146357E-002
   5.3363997732345868E-002   5.3050152019504068E-002
   5.3401613868554743E-002   5.2986183388610435E-002
   5.3439034158850311E-002   5.2933526934734312E-002
   5.3476251722336700E-002   5.2895094759881404E-002
   5.3513258185143783E-002   5.2861912868640705E-002
   5.3550042549881410E-002   5.2851860560504713E-002
   5.3586594840826673E-002   5.2855894956425564E-002
   5.3622905919030343E-002   5.2862511864567210E-002
   5.3658958493917108E-002   5.2864580922032105E-002
   5.3694748405962174E-002   5.2864601455868826E-002
   5.3730285958573216E-002   5.2905519490935748E-002
   5.3765591829017662E-002   5.2967757857463764E-002
   5.3800686703826678E-002   5.3030252283140886E-002
   5.3835588016815393E-002   5.3090238949046062E-002
   5.3870309456815112E-002   5.3149537465674718E-002
   5.3904860853240116E-002   5.3206025856255536E-002
   5.3939248610473015E-002   5.3258973954080822E-002
   5.3973474400819357E-002   5.3309537614099380E-002
   5.4007537408020050E-002   5.3406255150355221E-002
   5.4041431233705299E-002   5.3548511678486670E-002
   5.4075148988372679E-002   5.3690896485870297E-002
   5.4108683301406606E-002   5.3834469795317592E-002
   5.4142025286256952E-002   5.3983350985504372E-002
   5.4175164991959575E-002   5.4159698431986106E-002
   5.4208093154239773E-002   5.4390867440046696E-002
   5.4240795828982356E-002   5.4653530751391899E-002
   5.4273261515277643E-002   5.4907403381125840E-002
   5.4305481276429798E-002   5.5155279346411644E-002
   5.4337448445917688E-002   5.5397439068610450E-002
   5.4369158355283824E-002   5.5633619330118393E-002
   5.4400607974000814E-002   5.5865244944454329E-002
   5.4431797579627385E-002   5.6090700089334283E-002
   5.4462729767623119E-002   5.6310790535508998E-002
   5.4493407264387325E-002   5.6524374643277926E-002
   5.4523833113253463E-002   5.6733701349084745E-002
   5.4554016708013346E-002   5.6940916245256774E-002
   5.4583968492738617E-002   5.7141976215240316E-002
   5.4613696838112263E-002   5.7339592151386010E-002
   5.4643208163864289E-002   5.7528725992883833E-002
   5.4672507513792497E-002   5.7709156778327393E-002
   5.4701599198996170E-002   5.7887091347999520E-002
   5.4730487766588877E-002   5.8069089110444873E-002
   5.4759178618770950E-002   5.8264972703734985E-002
   5.4787677846969245E-002   5.8468616349723203E-002
   5.4815991828386479E-002   5.8665210902969681E-002
   5.4844126514310990E-002   5.8872379865589686E-002
   5.4872088398785393E-002   5.9076209419598728E-002
   5.4899840879320247E-002   5.9276520277999338E-002
   5.4927373430150458E-002   5.9478692317681860E-002
   5.4954683395320732E-002   5.9686865506091806E-002
   5.4981768330428359E-002   5.9899735433846246E-002
   5.5008625631778073E-002   6.0119216702818397E-002
   5.5035253069274370E-002   6.0351859495196149E-002
   5.5061649270741884E-002   6.0590485692825741E-002
   5.5087813903979127E-002   6.0896409351401178E-002
   5.5113748019319210E-002   6.1225464141785285E-002
   5.5139455775654607E-002   6.1556323072702812E-002
   5.5164941109723489E-002   6.1877376975758722E-002
   5.5190212971742508E-002   6.2187376962778353E-002
   5.5215279967643430E-002   6.2489981058298102E-002
   5.5240149725787890E-002   6.2789188337384033E-002
   5.5264824558470295E-002   6.3072154193688085E-002
   5.5289306795334253E-002   6.3344305459472047E-002
   5.5313598104500095E-002   6.3609351809578718E-002
   5.5337699523647144E-002   6.3867481377634400E-002
   5.5361611471859341E-002   6.4120967544251062E-002
   5.5385333822123982E-002   6.4366676740459455E-002
   5.5408865283608708E-002   6.4604750845499589E-002
   5.5432203007323030E-002   6.4833221003981562E-002
   5.5455341634668955E-002   6.5053779845762535E-002
   5.5478270659213291E-002   6.5263694354852381E-002
   5.5500963943098808E-002   6.5469350922373090E-002
   5.5523285305185091E-002   6.5663691003239641E-002
   5.5545940967219570E-002   6.5955579112707691E-002
   5.5568529909498572E-002   6.6304772751065486E-002
   5.5590955577689748E-002   6.6669393413532826E-002
   5.5613148796506300E-002   6.7018331391233740E-002
   5.5635072915666439E-002   6.7323021192717936E-002
   5.5656746116651258E-002   6.7578737242249595E-002
   5.5678181341318321E-002   6.7779244387587964E-002
   5.5699388315252951E-002   6.7920595216928711E-002
   5.5720359020729381E-002   6.8007673996744733E-002
   5.5741081819140927E-002   6.8074301294862818E-002
   5.5761550201459585E-002   6.8102150061132141E-002
   5.5781763096217213E-002   6.8098948826885525E-002
   5.5801723973204723E-002   6.8065775849589283E-002
   5.5821439624439313E-002   6.8013780168012156E-002
   5.5840919527569456E-002   6.7952275448555546E-002
   5.5860174336810703E-002   6.7889716370122824E-002
   5.5879214538601348E-002   6.7854788773373642E-002
   5.5898049665393766E-002   6.7847859881476180E-002
   5.5916687801540410E-002   6.7848533114448911E-002
   5.5935135291946596E-002   6.7855119474241110E-002
   5.5953397098891633E-002   6.7865901153719127E-002
   5.5971476755037400E-002   6.7890360597705049E-002
   5.5989376364478892E-002   6.7926146991777001E-002
   5.6007097066503773E-002   6.7973127418611515E-002
   5.6024639900969696E-002   6.8030003590828281E-002
   5.6042005644590387E-002   6.8095148059846955E-002
   5.6059194843946676E-002   6.8176373479384406E-002
   5.6076208262033134E-002   6.8264455588062670E-002
   5.6093047379148130E-002   6.8356155595229409E-002
   5.6109714708303338E-002   6.8450197954386963E-002
   5.6126213460244108E-002   6.8549641336323325E-002
   5.6142547249813365E-002   6.8655165701783233E-002
   5.6158720114580341E-002   6.8770423272145706E-002
   5.6174736467855819E-002   6.8895853180588287E-002
   5.6190600342419503E-002   6.9027024243208834E-002
   5.6206315445860508E-002   6.9154610851548615E-002
   5.6221884365573051E-002   6.9266968684020699E-002
   5.6237309389995042E-002   6.9360910804141432E-002
   5.6252592678100795E-002   6.9429650645781910E-002
   5.6267736764761822E-002   6.9476723626155507E-002
   5.6282743395333137E-002   6.9616064643931497E-002
   5.6297615491596800E-002   6.9698084314386746E-002
   5.6312361751541112E-002   6.9735963488344710E-002
   5.6326991939691644E-002   6.9862742108126930E-002
   5.6341515930701982E-002   6.9942425606162484E-002
   5.6355943495617268E-002   6.9980870187812350E-002
   5.6370284164605503E-002   6.9998870525218998E-002
   5.6384547081686234E-002   7.0034850097934004E-002
   5.6398740795250403E-002   7.0049823815543380E-002
   5.6412873155012110E-002   7.0071837623184918E-002
   5.6426951266909241E-002   7.0083436545977026E-002
   5.6440981585181009E-002   7.0080510767667095E-002
   5.6454970905378307E-002   7.0064673076505754E-002
   5.6468924559743040E-002   7.0037854482793371E-002
   5.6482846531519727E-002   6.9998867645989477E-002
   5.6496739690132192E-002   6.9934263871179139E-002
   5.6510605792223688E-002   6.9834881294390375E-002
   5.6524445559525301E-002   6.9706067955635304E-002
   5.6538258803459383E-002   6.9549551171320445E-002
   5.6552044541848354E-002   6.9363667509609386E-002
   5.6565801224462225E-002   6.9148124058682772E-002
   5.6579527122795591E-002   6.8906312051189453E-002
   5.6593222920224534E-002   6.8657834835093356E-002
   5.6606892523438694E-002   6.8406996752466878E-002
   5.6620539848111419E-002   6.8150736232399728E-002
   5.6634169467601719E-002   6.7992833740486494E-002
   5.6647776770618545E-002   6.7910002424348026E-002
   5.6661360973185707E-002   6.7815174933538364E-002
   5.6674920127972747E-002   6.7788900985155554E-002
   5.6688452468894583E-002   6.7796831733506258E-002
   5.6701957815203465E-002   6.7806307039003144E-002
   5.6715438217916657E-002   6.7794706586653583E-002
   5.6728894491497296E-002   6.7855803934419506E-002
   5.6742335130940964E-002   6.7955569112664316E-002
   5.6755790580629149E-002   6.8227058498596088E-002
   5.6769270235532757E-002   6.8653521254105801E-002
   5.6782770784954965E-002   6.9274679559991240E-002
   5.6796320118055847E-002   6.9930039524953455E-002
   5.6809924473087685E-002   7.0448034229604647E-002
   5.6823572761346371E-002   7.0812305886935212E-002
   5.6837260577681369E-002   7.1085088758372356E-002
   5.6850986268074444E-002   7.1274334634341588E-002
   5.6864749472940526E-002   7.1380245224670555E-002
   5.6878555334374740E-002   7.1428922667440373E-002
   5.6892418772704345E-002   7.1407894230052907E-002
   5.6906359543236924E-002   7.0880762056528795E-002
   5.6920358514653470E-002   7.0557418581986525E-002
   5.6934460086875992E-002   7.0485937542348637E-002
   5.6948697066138157E-002   7.0484227424388063E-002
   5.6963103057338309E-002   7.0799836178709899E-002
   5.6977686225575169E-002   7.1479434815127751E-002
   5.6992427259887200E-002   7.2139730802241578E-002
   5.7007282972896194E-002   7.2706019207685005E-002
   5.7022216339508075E-002   7.3173436665262132E-002
   5.7037187293290013E-002   7.3515827715944754E-002
   5.7052155419374660E-002   7.3786011914125760E-002
   5.7067087353581000E-002   7.4008063337250268E-002
   5.7081969998686546E-002   7.4172080015320718E-002
   5.7096795409861366E-002   7.4292331147972165E-002
   5.7111562373948224E-002   7.4371422893804634E-002
   5.7126274460668300E-002   7.4427385133599547E-002
   5.7140957990447862E-002   7.4459570863600749E-002
   5.7155636784728008E-002   7.4475285232226324E-002
   5.7170336785592142E-002   7.4479385383106791E-002
   5.7185082432570741E-002   7.4474015483236358E-002
   5.7199896298381070E-002   7.4520120846131216E-002
   5.7214798970971086E-002   7.4632049152277849E-002
   5.7229808798465127E-002   7.4761347358891728E-002
   5.7244942907999058E-002   7.4418073352141276E-002
   5.7260212975017377E-002   7.4185563567527216E-002
   5.7275676984859747E-002   7.4037399057644601E-002
   5.7291376509967275E-002   7.3928759176538281E-002
   5.7307341059855452E-002   7.3834550165635809E-002
   5.7323594788064161E-002   7.3733518489519576E-002
   5.7340158788438039E-002   7.3675785216034587E-002
   5.7357055744436738E-002   7.3625505767931976E-002
   5.7374311524052535E-002   7.3556081483897709E-002
   5.7391954980442313E-002   7.3464338669486776E-002
   5.7410015739733235E-002   7.3311895420965126E-002
   5.7428550520275928E-002   7.3101011112560121E-002
   5.7447697504791492E-002   7.2838125573713455E-002
   5.7466923287761228E-002   7.2668702514725556E-002
   5.7486667525571064E-002   7.2553395258420639E-002
   5.7507039241549956E-002   7.2512335254444657E-002
   5.7528099428877329E-002   7.2509963383948481E-002
   5.7549880007917900E-002   7.2559190662807985E-002
   5.7572399501804615E-002   7.2680257064806283E-002
   5.7595668732557531E-002   7.2867739743953830E-002
   5.7619697365888241E-002   7.3065638475823827E-002
   5.7644492469588242E-002   7.3228710031497682E-002
   5.7670063686809651E-002   7.3353546030708386E-002
   5.7696423484249047E-002   7.3444438404980175E-002
   5.7723576790871312E-002   7.3515130389602348E-002
   5.7751518791899319E-002   7.3568666607892561E-002
   5.7780242934584829E-002   7.3593484586946825E-002
   5.7809290904864613E-002   7.3622099065234120E-002
   5.7838598127612398E-002   7.3672740468201964E-002
   5.7868144267432295E-002   7.3559349765567231E-002
   5.7897449785583824E-002   7.3286273167178478E-002
   5.7926513801535906E-002   7.3110556357590673E-002
   5.7955334725884704E-002   7.3370928770938634E-002
   5.7983910363090627E-002   7.3604861525853854E-002
   5.8012238022568205E-002   7.3856292202366336E-002
   5.8040311493474044E-002   7.4383647599147909E-002
   5.8068128147597965E-002   7.4954083923292822E-002
   5.8095686613783053E-002   7.5637488795874910E-002
   5.8122338548007517E-002   7.6571342320349109E-002
   5.8149210502747364E-002   7.7617639396115087E-002
   5.8175667085528661E-002   7.8518037486954809E-002
   5.8199202532786570E-002   7.9064327138816670E-002
   5.8222599565419392E-002   7.9786880674773575E-002
   5.8245607164268874E-002   8.0641833164272217E-002
   5.8268818044379056E-002   8.1521284734757823E-002
   5.8291737073650887E-002   8.2252424820935671E-002
   5.8314365695846859E-002   8.2836559431801418E-002
   5.8336667027944357E-002   8.3321762966816010E-002
   5.8358619159382466E-002   8.3751697139631487E-002
   5.8380196003697760E-002   8.4176648408285787E-002
   5.8401380438389681E-002   8.4589385951005500E-002
   5.8422171542360457E-002   8.4978415641216581E-002
   5.8442577055813447E-002   8.5341282069664917E-002
   5.8462603959458521E-002   8.5688688037370481E-002
   5.8482257509276651E-002   8.6027538391260622E-002
   5.8501541157522916E-002   8.6357047875374598E-002
   5.8520458709564883E-002   8.6670106119282775E-002
   5.8539014600712778E-002   8.6968403978844686E-002
   5.8557213487779272E-002   8.7263148536296145E-002
   5.8575059868829639E-002   8.7526180603983442E-002
   5.8592563572222658E-002   8.7841317298794616E-002
   5.8609750821569218E-002   8.8192104555788464E-002
   5.8626631715727351E-002   8.8566025467135004E-002
   5.8643245614490386E-002   8.8950956740730766E-002
   5.8659619281397520E-002   8.9351623379600217E-002
   5.8675770286865943E-002   8.9761086621795827E-002
   5.8691716260296026E-002   9.0176951216760712E-002
   5.8707473104746707E-002   9.0601905225298887E-002
   5.8723055649312218E-002   9.1049874787006282E-002
   5.8738477372952562E-002   9.1511739306206166E-002
   5.8753747836689275E-002   9.1984109420593499E-002
   5.8768878254650062E-002   9.2463990286175232E-002
   5.8783878573022204E-002   9.2950784442331069E-002
   5.8798756506593747E-002   9.3431645518087039E-002
   5.8813518589027336E-002   9.3878479870405498E-002
   5.8828171290711995E-002   9.4338958939081868E-002
   5.8842721893469820E-002   9.4860345952979264E-002
   5.8857177661481803E-002   9.5446193506284263E-002
   5.8871545643846390E-002   9.6024263056922882E-002
   5.8885832954014859E-002   9.6590788753653747E-002
   5.8900046240147823E-002   9.7144473049945751E-002
   5.8914191580231763E-002   9.7697390819099797E-002
   5.8928274086839663E-002   9.8308097136892300E-002
   5.8942297930435331E-002   9.8708464322661157E-002
   5.8956267362276611E-002   9.9129521737978635E-002
   5.8970189893917301E-002   9.9555412887382719E-002
   5.8984072821320441E-002   9.9984829528487654E-002
   5.8997923829566208E-002  0.10041505420259336     
   5.9011750738360513E-002  0.10083806628322184     
   5.9025561217627670E-002  0.10124096149102697     
   5.9039362664768252E-002  0.10163515981341395     
   5.9053162168778033E-002  0.10199205747311170     
   5.9066965957698413E-002  0.10239703678816649     
   5.9080779829745494E-002  0.10281704534088250     
   5.9094615711655134E-002  0.10319356707181862     
   5.9108486541072973E-002  0.10352847832984723     
   5.9122414009297276E-002  0.10378929607645700     
   5.9136460015299562E-002  0.10397100301611134     
   5.9150699909760983E-002  0.10402288858666739     
   5.9165207189565812E-002  0.10408067282297370     
   5.9180020093664173E-002  0.10424733111961763     
   5.9195130978704102E-002  0.10442048506588200     
   5.9210539872029587E-002  0.10598176260819699     
   5.9226247118468522E-002  0.10806263783743400     
   5.9242249850619079E-002  0.11006391495072880     
   5.9258544302041985E-002  0.11180882479457085     
   5.9275164218370591E-002  0.11335208247056110     
   5.9292143320014958E-002  0.11472308890308519     
   5.9309508570403270E-002  0.11592634606381505     
   5.9327280142092841E-002  0.11703436855757066     
   5.9345481121448315E-002  0.11807669133979082     
   5.9364128052610106E-002  0.11904871826542010     
   5.9383223689618979E-002  0.11989204763652525     
   5.9402724168941400E-002  0.12059837840253963     
   5.9422558449643052E-002  0.12111644056248085     
   5.9442645415359679E-002  0.12143165205258373     
   5.9462905339679392E-002  0.12157371551453287     
   5.9483289929162644E-002  0.12157272540913332     
   5.9503763723115187E-002  0.12146906885218765     
   5.9524300859653156E-002  0.12124562007910307     
   5.9544875013818235E-002  0.12091447763304010     
   5.9565461894197695E-002  0.12047211423635047     
   5.9586043049714037E-002  0.11993292020122498     
   5.9606603507268888E-002  0.11932288568650176     
   5.9627131851252305E-002  0.11872621200463873     
   5.9647644651730412E-002  0.11811126481386869     
   5.9668150477240944E-002  0.11746541706138640     
   5.9688668568907630E-002  0.11677603705022324     
   5.9709212595022577E-002  0.11602568693676339     
   5.9729789357465472E-002  0.11524043083472035     
   5.9750406677554761E-002  0.11438872054457601     
   5.9771078207095103E-002  0.11348173291859616     
   5.9791814111019873E-002  0.11254499738743974     
   5.9812622508112978E-002  0.11160696586256628     
   5.9833514275689913E-002  0.11068955280413301     
   5.9854503943543753E-002  0.10979522706629277     
   5.9875619924975872E-002  0.10891870730266548     
   5.9896887995694745E-002  0.10804472349341891     
   5.9918320641802400E-002  0.10735127807398359     
   5.9939928057777821E-002  0.10674962681638314     
   5.9961694460379564E-002  0.10623123513859033     
   5.9983615923536446E-002  0.10604404336084168     
   6.0005651844620624E-002  0.10602037442131795     
   6.0027718607193151E-002  0.10596898634192417     
   6.0049813807841426E-002  0.10594362945361578     
   6.0071935197744876E-002  0.10622496115273543     
   6.0094080002520589E-002  0.10635518118350223     
   6.0116244937108182E-002  0.10658518831660282     
   6.0138427172173360E-002  0.10683900523785135     
   6.0160624367143110E-002  0.10710567077244564     
   6.0182834659398270E-002  0.10736009231753549     
   6.0205056649568364E-002  0.10775380333968289     
   6.0227289374311821E-002  0.10795064973643967     
   6.0249544440740904E-002  0.10803968454788944     
   6.0271804545180663E-002  0.10799919385214998     
   6.0294056936135543E-002  0.10785633536004922     
   6.0316299991835007E-002  0.10765869921350975     
   6.0338540916693120E-002  0.10745922812322292     
   6.0360781703073088E-002  0.10724445517974515     
   6.0383023074974382E-002  0.10706217000150892     
   6.0405270859965554E-002  0.10693701553432718     
   6.0427530516424521E-002  0.10690452199474659     
   6.0449806957988080E-002  0.10706373818891493     
   6.0472104278293817E-002  0.10729880965762338     
   6.0494426618029638E-002  0.10751132551997228     
   6.0516778220044629E-002  0.10768808985161468     
   6.0539163483081346E-002  0.10790012830364291     
   6.0561587033855654E-002  0.10817851185272982     
   6.0584053841459262E-002  0.10845142623688307     
   6.0606569418373238E-002  0.10871484416523083     
   6.0629138010974713E-002  0.10897027211524513     
   6.0651764626401004E-002  0.10921754092552205     
   6.0674459104133022E-002  0.10946176259208615     
   6.0697244139277629E-002  0.10970290688711984     
   6.0720199664638666E-002  0.10994526899881650     
   6.0745163246326561E-002  0.11016532149077937     
   6.0769197691455570E-002  0.11046987018431188     
   6.0792826787839871E-002  0.11079139658529982     
   6.0816103756237000E-002  0.11111432210411315     
   6.0839082614848099E-002  0.11148025559789630     
   6.0861830399902311E-002  0.11184559288239189     
   6.0884405760001772E-002  0.11217286434099379     
   6.0906847383238122E-002  0.11246179432705350     
   6.0929079402447094E-002  0.11272332257017152     
   6.0939092411128035E-002  0.11305268319949989     
   6.0949712158476818E-002  0.11337768523769501     
   6.0960872004519016E-002  0.11352833474758048     
   6.0972556751378047E-002  0.11351925964133258     
   6.0984721570600538E-002  0.11342562163727436     
   6.0997293327173567E-002  0.11329771872830924     
   6.1010200580279554E-002  0.11315194199705901     
   6.1023521813416227E-002  0.11302201407014935     
   6.1037505024530210E-002  0.11306950828127783     
   6.1052467832960165E-002  0.11350527219153120     
   6.1068252862045085E-002  0.11410689095976304     
   6.1084790036538980E-002  0.11471455380348439     
   6.1102025244481745E-002  0.11534692218598731     
   6.1119913382683147E-002  0.11595531138449695     
   6.1138414666324352E-002  0.11688427375793310     
   6.1157483356870893E-002  0.11806285599025010     
   6.1177007749921651E-002  0.11925789644772110     
   6.1196833829975546E-002  0.12044786013038628     
   6.1216964836994396E-002  0.12167478446440563     
   6.1237337146171730E-002  0.12293507834176488     
   6.1257891454126516E-002  0.12423089395645029     
   6.1278613839553929E-002  0.12552088477696310     
   6.1299516243581514E-002  0.12693845657253006     
   6.1320599880039420E-002  0.12845328929501318     
   6.1341827489557542E-002  0.13001332498642204     
   6.1363118438232424E-002  0.13156528395539138     
   6.1384430116083424E-002  0.13303718589604088     
   6.1405737966746012E-002  0.13440732533626112     
   6.1427022251051303E-002  0.13561583058919940     
   6.1448266780822727E-002  0.13672098162442153     
   6.1469453250759171E-002  0.13774335897460063     
   6.1490569832900813E-002  0.13861933142319294     
   6.1511611164176243E-002  0.13937450264453294     
   6.1532561701726440E-002  0.14027916134658389     
   6.1553389821584981E-002  0.14109554014420231     
   6.1574053752687839E-002  0.14191621769214743     
   6.1594534502350320E-002  0.14266528790357008     
   6.1614781952370586E-002  0.14341101534069914     
   6.1634742024787227E-002  0.14411534463856449     
   6.1654363997200437E-002  0.14477433669030124     
   6.1673590745892556E-002  0.14541602236107495     
   6.1692389272101356E-002  0.14638489985887776     
   6.1710765956961990E-002  0.14716309109026551     
   6.1728711865195789E-002  0.14790885804903803     
   6.1746247248332685E-002  0.14864747602932757     
   6.1763395057587205E-002  0.14933680427975876     
   6.1780181189626193E-002  0.14999571071063458     
   6.1796635004566183E-002  0.15063672379659129     
   6.1812788909840419E-002  0.15125927308502166     
   6.1828716356747096E-002  0.15186000708079125     
   6.1844482035233177E-002  0.15244878654777785     
   6.1860140162403814E-002  0.15302196941256374     
   6.1875784754802848E-002  0.15359257488127095     
   6.1891417818822146E-002  0.15416011509314098     
   6.1907019868948754E-002  0.15471879140302322     
   6.1922574253723321E-002  0.15524612063523752     
   6.1938071591081188E-002                       NaN
   6.1962380829130422E-002                       NaN
   6.1986652346193487E-002                       NaN
   6.2010895925416157E-002                       NaN
   6.2035123395110747E-002                       NaN
   6.2059347508914169E-002                       NaN
   6.2083581814379001E-002                       NaN
   6.2107840502014920E-002                       NaN
   6.2132138191265132E-002                       NaN
   6.2156489795354146E-002                       NaN
   6.2180910428506299E-002                       NaN
   6.2205415344787018E-002                       NaN
   6.2230019895514445E-002                       NaN
   6.2254741039278007E-002                       NaN
   6.2279596675096777E-002                       NaN
   6.2304604236759722E-002                       NaN
   6.2329780409277072E-002                       NaN
   6.2355135994240966E-002                       NaN
   6.2380680006761474E-002                       NaN
   6.2406420954593957E-002                       NaN
   6.2432368134635520E-002                       NaN
   6.2458533266757321E-002                       NaN
   6.2484919158366473E-002                       NaN
   6.2511516370180653E-002                       NaN
   6.2538314746880139E-002                       NaN
   6.2565304169775154E-002                       NaN
   6.2592475852525351E-002                       NaN
   6.2619820301032011E-002                       NaN
   6.2647329220204606E-002                       NaN
   6.2674995400071196E-002                       NaN
   6.2702812814138531E-002                       NaN
   6.2730776864371757E-002                       NaN
   6.2758884621574362E-002                       NaN
   6.2787134305363229E-002                       NaN
   6.2815524326591307E-002                       NaN
   6.2844054170809321E-002                       NaN
   6.2872723438764128E-002                       NaN
   6.2901532551971784E-002                       NaN
   6.2930482716299529E-002                       NaN
   6.2959576052038710E-002                       NaN
   6.2988815294934983E-002                       NaN
   6.3018203762334968E-002                       NaN
   6.3047745247172979E-002                       NaN
   6.3077425658170344E-002                       NaN
   6.3107224431018627E-002                       NaN
   6.3137119272488759E-002                       NaN
   6.3167087124039720E-002                       NaN
   6.3197112259015156E-002                       NaN
   6.3227187088565784E-002                       NaN
   6.3257305031061015E-002                       NaN
   6.3287460503758330E-002                       NaN
   6.3317648832643555E-002                       NaN
   6.3347865874049961E-002                       NaN
   6.3378107970431530E-002                       NaN
   6.3408371680711090E-002                       NaN
   6.3438653499627198E-002                       NaN
   6.3468953820137647E-002                       NaN
   6.3499274417961923E-002                       NaN
   6.3529616325155233E-002                       NaN
   6.3559980375868463E-002                       NaN
   6.3590367421477653E-002                       NaN
   6.3620778379649454E-002                       NaN
   6.3651214441827697E-002                       NaN
   6.3681676935585352E-002                       NaN
   6.3712167262649000E-002                       NaN
   6.3742687674286147E-002                       NaN
   6.3773241343378348E-002                       NaN
   6.3803831953459261E-002                       NaN
   6.3834462053513480E-002                       NaN
   6.3865133575373489E-002                       NaN
   6.3895848530165125E-002                       NaN
   6.3926608818011141E-002                       NaN
   6.3957415039627402E-002                       NaN
   6.3988267244017127E-002                       NaN
   6.4019165683609464E-002                       NaN
   6.4050110774987026E-002                       NaN
   6.4081103162172498E-002                       NaN
   6.4112143706912150E-002                       NaN
   6.4143233622658599E-002                       NaN
   6.4174374920423563E-002                       NaN
   6.4205569689328446E-002                       NaN
   6.4236820243054327E-002                       NaN
   6.4268129259071063E-002                       NaN
   6.4299500502064136E-002                       NaN
   6.4330938243629440E-002                       NaN
   6.4362447170344991E-002                       NaN
   6.4394032704470527E-002                       NaN
   6.4425700812626316E-002                       NaN
   6.4457457895224279E-002                       NaN
   6.4489310713225834E-002                       NaN
   6.4521265997149371E-002                       NaN
   6.4553330780299456E-002                       NaN
   6.4585512462782838E-002                       NaN
   6.4617816966688640E-002                       NaN
   6.4650248695960685E-002                       NaN
   6.4682810637545926E-002                       NaN
   6.4715504161329665E-002                       NaN
   6.4748271027182766E-002                       NaN
   6.4781026585593607E-002                       NaN
   6.4813774739393454E-002                       NaN
   6.4846515804001595E-002                       NaN
   6.4879248401988998E-002                       NaN
   6.4911974496210709E-002                       NaN
   6.4944697600721343E-002                       NaN
   6.4977421799455815E-002                       NaN
   6.5010153894579314E-002                       NaN
   6.5042900821030619E-002                       NaN
   6.5075665564154159E-002                       NaN
   6.5108448375930744E-002                       NaN
   6.5141248578593866E-002                       NaN
   6.5174066043537565E-002                       NaN
   6.5206898746535333E-002                       NaN
   6.5239744140009215E-002                       NaN
   6.5272600704623110E-002                       NaN
   6.5305469156142534E-002                       NaN
   6.5338351152849361E-002                       NaN
   6.5371257680385070E-002                       NaN
   6.5404202267605613E-002                       NaN
   6.5437201602188536E-002                       NaN
   6.5470273178970084E-002                       NaN
   6.5503410439300580E-002                       NaN
   6.5536606930491098E-002                       NaN
   6.5569855529644006E-002                       NaN
   6.5603034426606283E-002                       NaN
   6.5636107424425771E-002                       NaN
   6.5669068406687792E-002                       NaN
   6.5701912544525745E-002                       NaN
   6.5734637381464942E-002                       NaN
   6.5786328100121430E-002                       NaN
   8.0000000000000002E-002                       NaN
