# Athena++ data at time=8.000000e-02  cycle=1634  variables=prim 
# i       x1v         rho          press          vel1         vel2         vel3         Bcc1         Bcc2         Bcc3     
0002 -4.99023e-01  1.00000e+00  2.00000e+01  1.00000e+01  0.00000e+00  0.00000e+00  1.41047e+00  1.41047e+00  0.00000e+00
0003 -4.97070e-01  1.00000e+00  2.00000e+01  1.00000e+01  0.00000e+00  0.00000e+00  1.41047e+00  1.41047e+00  0.00000e+00
0004 -4.95117e-01  1.00000e+00  2.00000e+01  1.00000e+01  0.00000e+00  0.00000e+00  1.41047e+00  1.41047e+00  0.00000e+00
0005 -4.93164e-01  1.00000e+00  2.00000e+01  1.00000e+01  0.00000e+00  0.00000e+00  1.41047e+00  1.41047e+00  0.00000e+00
0006 -4.91211e-01  1.00000e+00  2.00000e+01  1.00000e+01  0.00000e+00  0.00000e+00  1.41047e+00  1.41047e+00  0.00000e+00
0007 -4.89258e-01  1.00000e+00  2.00000e+01  1.00000e+01  0.00000e+00  0.00000e+00  1.41047e+00  1.41047e+00  0.00000e+00
0008 -4.87305e-01  1.00000e+00  2.00000e+01  1.00000e+01  0.00000e+00  0.00000e+00  1.41047e+00  1.41047e+00  0.00000e+00
0009 -4.85352e-01  1.00000e+00  2.00000e+01  1.00000e+01  0.00000e+00  0.00000e+00  1.41047e+00  1.41047e+00  0.00000e+00
0010 -4.83398e-01  1.00000e+00  2.00000e+01  1.00000e+01  0.00000e+00  0.00000e+00  1.41047e+00  1.41047e+00  0.00000e+00
0011 -4.81445e-01  1.00000e+00  2.00000e+01  1.00000e+01  0.00000e+00  0.00000e+00  1.41047e+00  1.41047e+00  0.00000e+00
0012 -4.79492e-01  1.00000e+00  2.00000e+01  1.00000e+01  0.00000e+00  0.00000e+00  1.41047e+00  1.41047e+00  0.00000e+00
0013 -4.77539e-01  1.00000e+00  2.00000e+01  1.00000e+01  0.00000e+00  0.00000e+00  1.41047e+00  1.41047e+00  0.00000e+00
0014 -4.75586e-01  1.00000e+00  2.00000e+01  1.00000e+01  0.00000e+00  0.00000e+00  1.41047e+00  1.41047e+00  0.00000e+00
0015 -4.73633e-01  1.00000e+00  2.00000e+01  1.00000e+01  0.00000e+00  0.00000e+00  1.41047e+00  1.41047e+00  0.00000e+00
0016 -4.71680e-01  1.00000e+00  2.00000e+01  1.00000e+01  0.00000e+00  0.00000e+00  1.41047e+00  1.41047e+00  0.00000e+00
0017 -4.69727e-01  1.00000e+00  2.00000e+01  1.00000e+01  0.00000e+00  0.00000e+00  1.41047e+00  1.41047e+00  0.00000e+00
0018 -4.67773e-01  1.00000e+00  2.00000e+01  1.00000e+01  0.00000e+00  0.00000e+00  1.41047e+00  1.41047e+00  0.00000e+00
0019 -4.65820e-01  1.00000e+00  2.00000e+01  1.00000e+01  0.00000e+00  0.00000e+00  1.41047e+00  1.41047e+00  0.00000e+00
0020 -4.63867e-01  1.00000e+00  2.00000e+01  1.00000e+01  0.00000e+00  0.00000e+00  1.41047e+00  1.41047e+00  0.00000e+00
0021 -4.61914e-01  1.00000e+00  2.00000e+01  1.00000e+01  0.00000e+00  0.00000e+00  1.41047e+00  1.41047e+00  0.00000e+00
0022 -4.59961e-01  1.00000e+00  2.00000e+01  1.00000e+01  0.00000e+00  0.00000e+00  1.41047e+00  1.41047e+00  0.00000e+00
0023 -4.58008e-01  1.00000e+00  2.00000e+01  1.00000e+01  0.00000e+00  0.00000e+00  1.41047e+00  1.41047e+00  0.00000e+00
0024 -4.56055e-01  1.00000e+00  2.00000e+01  1.00000e+01  0.00000e+00  0.00000e+00  1.41047e+00  1.41047e+00  0.00000e+00
0025 -4.54102e-01  1.00000e+00  2.00000e+01  1.00000e+01  0.00000e+00  0.00000e+00  1.41047e+00  1.41047e+00  0.00000e+00
0026 -4.52148e-01  1.00000e+00  2.00000e+01  1.00000e+01  0.00000e+00  0.00000e+00  1.41047e+00  1.41047e+00  0.00000e+00
0027 -4.50195e-01  1.00000e+00  2.00000e+01  1.00000e+01  0.00000e+00  0.00000e+00  1.41047e+00  1.41047e+00  0.00000e+00
0028 -4.48242e-01  1.00000e+00  2.00000e+01  1.00000e+01  0.00000e+00  0.00000e+00  1.41047e+00  1.41047e+00  0.00000e+00
0029 -4.46289e-01  1.00000e+00  2.00000e+01  1.00000e+01  0.00000e+00  0.00000e+00  1.41047e+00  1.41047e+00  0.00000e+00
0030 -4.44336e-01  1.00000e+00  2.00000e+01  1.00000e+01  0.00000e+00  0.00000e+00  1.41047e+00  1.41047e+00  0.00000e+00
0031 -4.42383e-01  1.00000e+00  2.00000e+01  1.00000e+01  0.00000e+00  0.00000e+00  1.41047e+00  1.41047e+00  0.00000e+00
0032 -4.40430e-01  1.00000e+00  2.00000e+01  1.00000e+01  0.00000e+00  0.00000e+00  1.41047e+00  1.41047e+00  0.00000e+00
0033 -4.38477e-01  1.00000e+00  2.00000e+01  1.00000e+01  0.00000e+00  0.00000e+00  1.41047e+00  1.41047e+00  0.00000e+00
0034 -4.36523e-01  1.00000e+00  2.00000e+01  1.00000e+01  0.00000e+00  0.00000e+00  1.41047e+00  1.41047e+00  0.00000e+00
0035 -4.34570e-01  1.00000e+00  2.00000e+01  1.00000e+01  0.00000e+00  0.00000e+00  1.41047e+00  1.41047e+00  0.00000e+00
0036 -4.32617e-01  1.00000e+00  2.00000e+01  1.00000e+01  0.00000e+00  0.00000e+00  1.41047e+00  1.41047e+00  0.00000e+00
0037 -4.30664e-01  1.00000e+00  2.00000e+01  1.00000e+01  0.00000e+00  0.00000e+00  1.41047e+00  1.41047e+00  0.00000e+00
0038 -4.28711e-01  1.00000e+00  2.00000e+01  1.00000e+01  0.00000e+00  0.00000e+00  1.41047e+00  1.41047e+00  0.00000e+00
0039 -4.26758e-01  1.00000e+00  2.00000e+01  1.00000e+01  0.00000e+00  0.00000e+00  1.41047e+00  1.41047e+00  0.00000e+00
0040 -4.24805e-01  1.00000e+00  2.00000e+01  1.00000e+01  0.00000e+00  0.00000e+00  1.41047e+00  1.41047e+00  0.00000e+00
0041 -4.22852e-01  1.00000e+00  2.00000e+01  1.00000e+01  0.00000e+00  0.00000e+00  1.41047e+00  1.41047e+00  0.00000e+00
0042 -4.20898e-01  1.00000e+00  2.00000e+01  1.00000e+01  0.00000e+00  0.00000e+00  1.41047e+00  1.41047e+00  0.00000e+00
0043 -4.18945e-01  1.00000e+00  2.00000e+01  1.00000e+01  0.00000e+00  0.00000e+00  1.41047e+00  1.41047e+00  0.00000e+00
0044 -4.16992e-01  1.00000e+00  2.00000e+01  1.00000e+01  0.00000e+00  0.00000e+00  1.41047e+00  1.41047e+00  0.00000e+00
0045 -4.15039e-01  1.00000e+00  2.00000e+01  1.00000e+01  0.00000e+00  0.00000e+00  1.41047e+00  1.41047e+00  0.00000e+00
0046 -4.13086e-01  1.00000e+00  2.00000e+01  1.00000e+01  0.00000e+00  0.00000e+00  1.41047e+00  1.41047e+00  0.00000e+00
0047 -4.11133e-01  1.00000e+00  2.00000e+01  1.00000e+01  0.00000e+00  0.00000e+00  1.41047e+00  1.41047e+00  0.00000e+00
0048 -4.09180e-01  1.00000e+00  2.00000e+01  1.00000e+01  0.00000e+00  0.00000e+00  1.41047e+00  1.41047e+00  0.00000e+00
0049 -4.07227e-01  1.00000e+00  2.00000e+01  1.00000e+01  0.00000e+00  0.00000e+00  1.41047e+00  1.41047e+00  0.00000e+00
0050 -4.05273e-01  1.00000e+00  2.00000e+01  1.00000e+01  0.00000e+00  0.00000e+00  1.41047e+00  1.41047e+00  0.00000e+00
0051 -4.03320e-01  1.00000e+00  2.00000e+01  1.00000e+01  0.00000e+00  0.00000e+00  1.41047e+00  1.41047e+00  0.00000e+00
0052 -4.01367e-01  1.00000e+00  2.00000e+01  1.00000e+01  0.00000e+00  0.00000e+00  1.41047e+00  1.41047e+00  0.00000e+00
0053 -3.99414e-01  1.00000e+00  2.00000e+01  1.00000e+01  0.00000e+00  0.00000e+00  1.41047e+00  1.41047e+00  0.00000e+00
0054 -3.97461e-01  1.00000e+00  2.00000e+01  1.00000e+01  0.00000e+00  0.00000e+00  1.41047e+00  1.41047e+00  0.00000e+00
0055 -3.95508e-01  1.00000e+00  2.00000e+01  1.00000e+01  0.00000e+00  0.00000e+00  1.41047e+00  1.41047e+00  0.00000e+00
0056 -3.93555e-01  1.00000e+00  2.00000e+01  1.00000e+01  0.00000e+00  0.00000e+00  1.41047e+00  1.41047e+00  0.00000e+00
0057 -3.91602e-01  1.00000e+00  2.00000e+01  1.00000e+01  0.00000e+00  0.00000e+00  1.41047e+00  1.41047e+00  0.00000e+00
0058 -3.89648e-01  1.00000e+00  2.00000e+01  1.00000e+01  0.00000e+00  0.00000e+00  1.41047e+00  1.41047e+00  0.00000e+00
0059 -3.87695e-01  1.00000e+00  2.00000e+01  1.00000e+01  0.00000e+00  0.00000e+00  1.41047e+00  1.41047e+00  0.00000e+00
0060 -3.85742e-01  1.09364e+00  2.44210e+01  9.30728e+00  1.97415e-02  0.00000e+00  1.41047e+00  1.54537e+00  0.00000e+00
0061 -3.83789e-01  2.24636e+00  1.12438e+02  2.76433e+00  1.75429e-01  0.00000e+00  1.41047e+00  3.20857e+00  0.00000e+00
0062 -3.81836e-01  2.61225e+00  1.44627e+02  4.52914e-01  2.40225e-01  0.00000e+00  1.41047e+00  3.74215e+00  0.00000e+00
0063 -3.79883e-01  2.70158e+00  1.52931e+02  7.91316e-01  2.26727e-01  0.00000e+00  1.41047e+00  3.86966e+00  0.00000e+00
0064 -3.77930e-01  2.70732e+00  1.53566e+02  8.50658e-01  2.31075e-01  0.00000e+00  1.41047e+00  3.88041e+00  0.00000e+00
0065 -3.75977e-01  2.70784e+00  1.53556e+02  8.03782e-01  2.28181e-01  0.00000e+00  1.41047e+00  3.87706e+00  0.00000e+00
0066 -3.74023e-01  2.67530e+00  1.50559e+02  7.07648e-01  2.32682e-01  0.00000e+00  1.41047e+00  3.83499e+00  0.00000e+00
0067 -3.72070e-01  2.65698e+00  1.48812e+02  6.42001e-01  2.31959e-01  0.00000e+00  1.41047e+00  3.80372e+00  0.00000e+00
0068 -3.70117e-01  2.66136e+00  1.49249e+02  6.45255e-01  2.34078e-01  0.00000e+00  1.41047e+00  3.81434e+00  0.00000e+00
0069 -3.68164e-01  2.67729e+00  1.50723e+02  7.12659e-01  2.30615e-01  0.00000e+00  1.41047e+00  3.83313e+00  0.00000e+00
0070 -3.66211e-01  2.69330e+00  1.52247e+02  7.73598e-01  2.31195e-01  0.00000e+00  1.41047e+00  3.85996e+00  0.00000e+00
0071 -3.64258e-01  2.69375e+00  1.52294e+02  7.69967e-01  2.29491e-01  0.00000e+00  1.41047e+00  3.85772e+00  0.00000e+00
0072 -3.62305e-01  2.68503e+00  1.51473e+02  7.41869e-01  2.31750e-01  0.00000e+00  1.41047e+00  3.84791e+00  0.00000e+00
0073 -3.60352e-01  2.67178e+00  1.50225e+02  6.91248e-01  2.31192e-01  0.00000e+00  1.41047e+00  3.82582e+00  0.00000e+00
0074 -3.58398e-01  2.67046e+00  1.50108e+02  6.85752e-01  2.32960e-01  0.00000e+00  1.41047e+00  3.82674e+00  0.00000e+00
0075 -3.56445e-01  2.67397e+00  1.50434e+02  6.99853e-01  2.31108e-01  0.00000e+00  1.41047e+00  3.82927e+00  0.00000e+00
0076 -3.54492e-01  2.68355e+00  1.51331e+02  7.35141e-01  2.31679e-01  0.00000e+00  1.41047e+00  3.84524e+00  0.00000e+00
0077 -3.52539e-01  2.68621e+00  1.51585e+02  7.44626e-01  2.30349e-01  0.00000e+00  1.41047e+00  3.84716e+00  0.00000e+00
0078 -3.50586e-01  2.68452e+00  1.51432e+02  7.39286e-01  2.31588e-01  0.00000e+00  1.41047e+00  3.84673e+00  0.00000e+00
0079 -3.48633e-01  2.67867e+00  1.50879e+02  7.16928e-01  2.30900e-01  0.00000e+00  1.41047e+00  3.83629e+00  0.00000e+00
0080 -3.46680e-01  2.67548e+00  1.50576e+02  7.05107e-01  2.32175e-01  0.00000e+00  1.41047e+00  3.83341e+00  0.00000e+00
0081 -3.44727e-01  2.67607e+00  1.50633e+02  7.07331e-01  2.31208e-01  0.00000e+00  1.41047e+00  3.83272e+00  0.00000e+00
0082 -3.42773e-01  2.67935e+00  1.50946e+02  7.19869e-01  2.31845e-01  0.00000e+00  1.41047e+00  3.83903e+00  0.00000e+00
0083 -3.40820e-01  2.68250e+00  1.51242e+02  7.31284e-01  2.30794e-01  0.00000e+00  1.41047e+00  3.84207e+00  0.00000e+00
0084 -3.38867e-01  2.68234e+00  1.51225e+02  7.30947e-01  2.31606e-01  0.00000e+00  1.41047e+00  3.84327e+00  0.00000e+00
0085 -3.36914e-01  2.68077e+00  1.51076e+02  7.24762e-01  2.30906e-01  0.00000e+00  1.41047e+00  3.83960e+00  0.00000e+00
0086 -3.34961e-01  2.67817e+00  1.50829e+02  7.15197e-01  2.31776e-01  0.00000e+00  1.41047e+00  3.83701e+00  0.00000e+00
0087 -3.33008e-01  2.67801e+00  1.50813e+02  7.14407e-01  2.31265e-01  0.00000e+00  1.41047e+00  3.83575e+00  0.00000e+00
0088 -3.31055e-01  2.67867e+00  1.50878e+02  7.17121e-01  2.31740e-01  0.00000e+00  1.41047e+00  3.83774e+00  0.00000e+00
0089 -3.29102e-01  2.68051e+00  1.51055e+02  7.23991e-01  2.31040e-01  0.00000e+00  1.41047e+00  3.83938e+00  0.00000e+00
0090 -3.27148e-01  2.68094e+00  1.51095e+02  7.25719e-01  2.31544e-01  0.00000e+00  1.41047e+00  3.84101e+00  0.00000e+00
0091 -3.25195e-01  2.68069e+00  1.51068e+02  7.24548e-01  2.31072e-01  0.00000e+00  1.41047e+00  3.83975e+00  0.00000e+00
0092 -3.23242e-01  2.67949e+00  1.50955e+02  7.20161e-01  2.31610e-01  0.00000e+00  1.41047e+00  3.83884e+00  0.00000e+00
0093 -3.21289e-01  2.67892e+00  1.50903e+02  7.17987e-01  2.31253e-01  0.00000e+00  1.41047e+00  3.83726e+00  0.00000e+00
0094 -3.19336e-01  2.67900e+00  1.50912e+02  7.18444e-01  2.31653e-01  0.00000e+00  1.41047e+00  3.83812e+00  0.00000e+00
0095 -3.17383e-01  2.67969e+00  1.50976e+02  7.20926e-01  2.31179e-01  0.00000e+00  1.41047e+00  3.83834e+00  0.00000e+00
0096 -3.15430e-01  2.68025e+00  1.51028e+02  7.23050e-01  2.31502e-01  0.00000e+00  1.41047e+00  3.83977e+00  0.00000e+00
0097 -3.13477e-01  2.68026e+00  1.51027e+02  7.22923e-01  2.31206e-01  0.00000e+00  1.41047e+00  3.83927e+00  0.00000e+00
0098 -3.11523e-01  2.67994e+00  1.50996e+02  7.21701e-01  2.31502e-01  0.00000e+00  1.41047e+00  3.83929e+00  0.00000e+00
0099 -3.09570e-01  2.67948e+00  1.50953e+02  7.19980e-01  2.31249e-01  0.00000e+00  1.41047e+00  3.83812e+00  0.00000e+00
0100 -3.07617e-01  2.67940e+00  1.50948e+02  7.19879e-01  2.31563e-01  0.00000e+00  1.41047e+00  3.83857e+00  0.00000e+00
0101 -3.05664e-01  2.67955e+00  1.50964e+02  7.20458e-01  2.31266e-01  0.00000e+00  1.41047e+00  3.83831e+00  0.00000e+00
0102 -3.03711e-01  2.67989e+00  1.50995e+02  7.21723e-01  2.31492e-01  0.00000e+00  1.41047e+00  3.83922e+00  0.00000e+00
0103 -3.01758e-01  2.68000e+00  1.51004e+02  7.22018e-01  2.31270e-01  0.00000e+00  1.41047e+00  3.83900e+00  0.00000e+00
0104 -2.99805e-01  2.67993e+00  1.50997e+02  7.21760e-01  2.31472e-01  0.00000e+00  1.41047e+00  3.83925e+00  0.00000e+00
0105 -2.97852e-01  2.67971e+00  1.50977e+02  7.20946e-01  2.31254e-01  0.00000e+00  1.41047e+00  3.83854e+00  0.00000e+00
0106 -2.95898e-01  2.67959e+00  1.50965e+02  7.20540e-01  2.31469e-01  0.00000e+00  1.41047e+00  3.83870e+00  0.00000e+00
0107 -2.93945e-01  2.67962e+00  1.50968e+02  7.20632e-01  2.31314e-01  0.00000e+00  1.41047e+00  3.83847e+00  0.00000e+00
0108 -2.91992e-01  2.67974e+00  1.50979e+02  7.21078e-01  2.31461e-01  0.00000e+00  1.41047e+00  3.83890e+00  0.00000e+00
0109 -2.90039e-01  2.67987e+00  1.50990e+02  7.21453e-01  2.31306e-01  0.00000e+00  1.41047e+00  3.83881e+00  0.00000e+00
0110 -2.88086e-01  2.67985e+00  1.50988e+02  7.21437e-01  2.31463e-01  0.00000e+00  1.41047e+00  3.83907e+00  0.00000e+00
0111 -2.86133e-01  2.67978e+00  1.50983e+02  7.21212e-01  2.31298e-01  0.00000e+00  1.41047e+00  3.83870e+00  0.00000e+00
0112 -2.84180e-01  2.67968e+00  1.50974e+02  7.20899e-01  2.31443e-01  0.00000e+00  1.41047e+00  3.83881e+00  0.00000e+00
0113 -2.82227e-01  2.67967e+00  1.50975e+02  7.20877e-01  2.31339e-01  0.00000e+00  1.41047e+00  3.83863e+00  0.00000e+00
0114 -2.80273e-01  2.67969e+00  1.50977e+02  7.20982e-01  2.31430e-01  0.00000e+00  1.41047e+00  3.83883e+00  0.00000e+00
0115 -2.78320e-01  2.67977e+00  1.50984e+02  7.21237e-01  2.31307e-01  0.00000e+00  1.41047e+00  3.83873e+00  0.00000e+00
0116 -2.76367e-01  2.67979e+00  1.50984e+02  7.21291e-01  2.31421e-01  0.00000e+00  1.41047e+00  3.83894e+00  0.00000e+00
0117 -2.74414e-01  2.67979e+00  1.50984e+02  7.21246e-01  2.31341e-01  0.00000e+00  1.41047e+00  3.83879e+00  0.00000e+00
0118 -2.72461e-01  2.67974e+00  1.50980e+02  7.21086e-01  2.31430e-01  0.00000e+00  1.41047e+00  3.83888e+00  0.00000e+00
0119 -2.70508e-01  2.67973e+00  1.50979e+02  7.21019e-01  2.31353e-01  0.00000e+00  1.41047e+00  3.83872e+00  0.00000e+00
0120 -2.68555e-01  2.67973e+00  1.50979e+02  7.21032e-01  2.31424e-01  0.00000e+00  1.41047e+00  3.83883e+00  0.00000e+00
0121 -2.66602e-01  2.67976e+00  1.50981e+02  7.21122e-01  2.31333e-01  0.00000e+00  1.41047e+00  3.83872e+00  0.00000e+00
0122 -2.64648e-01  2.67977e+00  1.50982e+02  7.21180e-01  2.31416e-01  0.00000e+00  1.41047e+00  3.83887e+00  0.00000e+00
0123 -2.62695e-01  2.67976e+00  1.50982e+02  7.21170e-01  2.31360e-01  0.00000e+00  1.41047e+00  3.83879e+00  0.00000e+00
0124 -2.60742e-01  2.67974e+00  1.50981e+02  7.21112e-01  2.31400e-01  0.00000e+00  1.41047e+00  3.83883e+00  0.00000e+00
0125 -2.58789e-01  2.67972e+00  1.50979e+02  7.21059e-01  2.31344e-01  0.00000e+00  1.41047e+00  3.83871e+00  0.00000e+00
0126 -2.56836e-01  2.67973e+00  1.50979e+02  7.21052e-01  2.31411e-01  0.00000e+00  1.41047e+00  3.83882e+00  0.00000e+00
0127 -2.54883e-01  2.67975e+00  1.50979e+02  7.21076e-01  2.31367e-01  0.00000e+00  1.41047e+00  3.83876e+00  0.00000e+00
0128 -2.52930e-01  2.67977e+00  1.50980e+02  7.21120e-01  2.31412e-01  0.00000e+00  1.41047e+00  3.83885e+00  0.00000e+00
0129 -2.50977e-01  2.67977e+00  1.50981e+02  7.21142e-01  2.31363e-01  0.00000e+00  1.41047e+00  3.83877e+00  0.00000e+00
0130 -2.49023e-01  2.67975e+00  1.50981e+02  7.21135e-01  2.31391e-01  0.00000e+00  1.41047e+00  3.83882e+00  0.00000e+00
0131 -2.47070e-01  2.67975e+00  1.50980e+02  7.21126e-01  2.31345e-01  0.00000e+00  1.41047e+00  3.83874e+00  0.00000e+00
0132 -2.45117e-01  2.67974e+00  1.50980e+02  7.21128e-01  2.31396e-01  0.00000e+00  1.41047e+00  3.83881e+00  0.00000e+00
0133 -2.43164e-01  2.67975e+00  1.50980e+02  7.21137e-01  2.31368e-01  0.00000e+00  1.41047e+00  3.83877e+00  0.00000e+00
0134 -2.41211e-01  2.67975e+00  1.50981e+02  7.21154e-01  2.31390e-01  0.00000e+00  1.41047e+00  3.83882e+00  0.00000e+00
0135 -2.39258e-01  2.67975e+00  1.50981e+02  7.21165e-01  2.31365e-01  0.00000e+00  1.41047e+00  3.83879e+00  0.00000e+00
0136 -2.37305e-01  2.67975e+00  1.50981e+02  7.21161e-01  2.31399e-01  0.00000e+00  1.41047e+00  3.83884e+00  0.00000e+00
0137 -2.35352e-01  2.67975e+00  1.50981e+02  7.21141e-01  2.31371e-01  0.00000e+00  1.41047e+00  3.83879e+00  0.00000e+00
0138 -2.33398e-01  2.67976e+00  1.50980e+02  7.21115e-01  2.31399e-01  0.00000e+00  1.41047e+00  3.83883e+00  0.00000e+00
0139 -2.31445e-01  2.67977e+00  1.50980e+02  7.21104e-01  2.31374e-01  0.00000e+00  1.41047e+00  3.83879e+00  0.00000e+00
0140 -2.29492e-01  2.67977e+00  1.50980e+02  7.21100e-01  2.31385e-01  0.00000e+00  1.41047e+00  3.83881e+00  0.00000e+00
0141 -2.27539e-01  2.67976e+00  1.50981e+02  7.21099e-01  2.31359e-01  0.00000e+00  1.41047e+00  3.83877e+00  0.00000e+00
0142 -2.25586e-01  2.67974e+00  1.50980e+02  7.21099e-01  2.31386e-01  0.00000e+00  1.41047e+00  3.83881e+00  0.00000e+00
0143 -2.23633e-01  2.67973e+00  1.50980e+02  7.21097e-01  2.31373e-01  0.00000e+00  1.41047e+00  3.83878e+00  0.00000e+00
0144 -2.21680e-01  2.67973e+00  1.50980e+02  7.21094e-01  2.31392e-01  0.00000e+00  1.41047e+00  3.83881e+00  0.00000e+00
0145 -2.19727e-01  2.67974e+00  1.50980e+02  7.21096e-01  2.31381e-01  0.00000e+00  1.41047e+00  3.83879e+00  0.00000e+00
0146 -2.17773e-01  2.67974e+00  1.50980e+02  7.21103e-01  2.31394e-01  0.00000e+00  1.41047e+00  3.83881e+00  0.00000e+00
0147 -2.15820e-01  2.67974e+00  1.50980e+02  7.21113e-01  2.31374e-01  0.00000e+00  1.41047e+00  3.83878e+00  0.00000e+00
0148 -2.13867e-01  2.67975e+00  1.50980e+02  7.21122e-01  2.31389e-01  0.00000e+00  1.41047e+00  3.83881e+00  0.00000e+00
0149 -2.11914e-01  2.67975e+00  1.50980e+02  7.21129e-01  2.31374e-01  0.00000e+00  1.41047e+00  3.83879e+00  0.00000e+00
0150 -2.09961e-01  2.67976e+00  1.50980e+02  7.21133e-01  2.31377e-01  0.00000e+00  1.41047e+00  3.83879e+00  0.00000e+00
0151 -2.08008e-01  2.67976e+00  1.50980e+02  7.21135e-01  2.31367e-01  0.00000e+00  1.41047e+00  3.83878e+00  0.00000e+00
0152 -2.06055e-01  2.67976e+00  1.50980e+02  7.21136e-01  2.31386e-01  0.00000e+00  1.41047e+00  3.83880e+00  0.00000e+00
0153 -2.04102e-01  2.67975e+00  1.50980e+02  7.21136e-01  2.31381e-01  0.00000e+00  1.41047e+00  3.83880e+00  0.00000e+00
0154 -2.02148e-01  2.67974e+00  1.50980e+02  7.21134e-01  2.31390e-01  0.00000e+00  1.41047e+00  3.83881e+00  0.00000e+00
0155 -2.00195e-01  2.67974e+00  1.50980e+02  7.21128e-01  2.31380e-01  0.00000e+00  1.41047e+00  3.83879e+00  0.00000e+00
0156 -1.98242e-01  2.67974e+00  1.50980e+02  7.21119e-01  2.31384e-01  0.00000e+00  1.41047e+00  3.83880e+00  0.00000e+00
0157 -1.96289e-01  2.67974e+00  1.50980e+02  7.21110e-01  2.31376e-01  0.00000e+00  1.41047e+00  3.83878e+00  0.00000e+00
0158 -1.94336e-01  2.67975e+00  1.50980e+02  7.21102e-01  2.31388e-01  0.00000e+00  1.41047e+00  3.83880e+00  0.00000e+00
0159 -1.92383e-01  2.67975e+00  1.50980e+02  7.21097e-01  2.31380e-01  0.00000e+00  1.41047e+00  3.83879e+00  0.00000e+00
0160 -1.90430e-01  2.67976e+00  1.50980e+02  7.21096e-01  2.31382e-01  0.00000e+00  1.41047e+00  3.83880e+00  0.00000e+00
0161 -1.88477e-01  2.67976e+00  1.50980e+02  7.21098e-01  2.31381e-01  0.00000e+00  1.41047e+00  3.83880e+00  0.00000e+00
0162 -1.86523e-01  2.67976e+00  1.50980e+02  7.21103e-01  2.31393e-01  0.00000e+00  1.41047e+00  3.83882e+00  0.00000e+00
0163 -1.84570e-01  2.67976e+00  1.50981e+02  7.21109e-01  2.31389e-01  0.00000e+00  1.41047e+00  3.83882e+00  0.00000e+00
0164 -1.82617e-01  2.67975e+00  1.50981e+02  7.21118e-01  2.31389e-01  0.00000e+00  1.41047e+00  3.83882e+00  0.00000e+00
0165 -1.80664e-01  2.67975e+00  1.50981e+02  7.21130e-01  2.31377e-01  0.00000e+00  1.41047e+00  3.83880e+00  0.00000e+00
0166 -1.78711e-01  2.67974e+00  1.50981e+02  7.21138e-01  2.31377e-01  0.00000e+00  1.41047e+00  3.83880e+00  0.00000e+00
0167 -1.76758e-01  2.67975e+00  1.50981e+02  7.21145e-01  2.31376e-01  0.00000e+00  1.41047e+00  3.83880e+00  0.00000e+00
0168 -1.74805e-01  2.67975e+00  1.50981e+02  7.21150e-01  2.31384e-01  0.00000e+00  1.41047e+00  3.83881e+00  0.00000e+00
0169 -1.72852e-01  2.67976e+00  1.50981e+02  7.21149e-01  2.31380e-01  0.00000e+00  1.41047e+00  3.83880e+00  0.00000e+00
0170 -1.70898e-01  2.67976e+00  1.50981e+02  7.21145e-01  2.31382e-01  0.00000e+00  1.41047e+00  3.83880e+00  0.00000e+00
0171 -1.68945e-01  2.67975e+00  1.50980e+02  7.21139e-01  2.31382e-01  0.00000e+00  1.41047e+00  3.83880e+00  0.00000e+00
0172 -1.66992e-01  2.67975e+00  1.50980e+02  7.21130e-01  2.31388e-01  0.00000e+00  1.41047e+00  3.83881e+00  0.00000e+00
0173 -1.65039e-01  2.67975e+00  1.50980e+02  7.21120e-01  2.31386e-01  0.00000e+00  1.41047e+00  3.83880e+00  0.00000e+00
0174 -1.63086e-01  2.67975e+00  1.50980e+02  7.21110e-01  2.31389e-01  0.00000e+00  1.41047e+00  3.83881e+00  0.00000e+00
0175 -1.61133e-01  2.67975e+00  1.50980e+02  7.21101e-01  2.31383e-01  0.00000e+00  1.41047e+00  3.83880e+00  0.00000e+00
0176 -1.59180e-01  2.67974e+00  1.50980e+02  7.21095e-01  2.31382e-01  0.00000e+00  1.41047e+00  3.83880e+00  0.00000e+00
0177 -1.57227e-01  2.67975e+00  1.50980e+02  7.21090e-01  2.31382e-01  0.00000e+00  1.41047e+00  3.83880e+00  0.00000e+00
0178 -1.55273e-01  2.67975e+00  1.50980e+02  7.21088e-01  2.31389e-01  0.00000e+00  1.41047e+00  3.83881e+00  0.00000e+00
0179 -1.53320e-01  2.67976e+00  1.50980e+02  7.21090e-01  2.31390e-01  0.00000e+00  1.41047e+00  3.83881e+00  0.00000e+00
0180 -1.51367e-01  2.67977e+00  1.50980e+02  7.21095e-01  2.31393e-01  0.00000e+00  1.41047e+00  3.83882e+00  0.00000e+00
0181 -1.49414e-01  2.67977e+00  1.50980e+02  7.21103e-01  2.31392e-01  0.00000e+00  1.41047e+00  3.83882e+00  0.00000e+00
0182 -1.47461e-01  2.67977e+00  1.50981e+02  7.21113e-01  2.31391e-01  0.00000e+00  1.41047e+00  3.83882e+00  0.00000e+00
0183 -1.45508e-01  2.67976e+00  1.50981e+02  7.21124e-01  2.31386e-01  0.00000e+00  1.41047e+00  3.83881e+00  0.00000e+00
0184 -1.43555e-01  2.67975e+00  1.50981e+02  7.21131e-01  2.31384e-01  0.00000e+00  1.41047e+00  3.83881e+00  0.00000e+00
0185 -1.41602e-01  2.67975e+00  1.50981e+02  7.21138e-01  2.31374e-01  0.00000e+00  1.41047e+00  3.83879e+00  0.00000e+00
0186 -1.39648e-01  2.67975e+00  1.50981e+02  7.21142e-01  2.31370e-01  0.00000e+00  1.41047e+00  3.83879e+00  0.00000e+00
0187 -1.37695e-01  2.67975e+00  1.50981e+02  7.21143e-01  2.31369e-01  0.00000e+00  1.41047e+00  3.83878e+00  0.00000e+00
0188 -1.35742e-01  2.67975e+00  1.50980e+02  7.21141e-01  2.31370e-01  0.00000e+00  1.41047e+00  3.83878e+00  0.00000e+00
0189 -1.33789e-01  2.67975e+00  1.50980e+02  7.21137e-01  2.31365e-01  0.00000e+00  1.41047e+00  3.83877e+00  0.00000e+00
0190 -1.31836e-01  2.67975e+00  1.50980e+02  7.21131e-01  2.31360e-01  0.00000e+00  1.41047e+00  3.83876e+00  0.00000e+00
0191 -1.29883e-01  2.67976e+00  1.50980e+02  7.21125e-01  2.31352e-01  0.00000e+00  1.41047e+00  3.83875e+00  0.00000e+00
0192 -1.27930e-01  2.67976e+00  1.50980e+02  7.21119e-01  2.31349e-01  0.00000e+00  1.41047e+00  3.83875e+00  0.00000e+00
0193 -1.25977e-01  2.67976e+00  1.50980e+02  7.21114e-01  2.31349e-01  0.00000e+00  1.41047e+00  3.83875e+00  0.00000e+00
0194 -1.24023e-01  2.67976e+00  1.50980e+02  7.21112e-01  2.31353e-01  0.00000e+00  1.41047e+00  3.83876e+00  0.00000e+00
0195 -1.22070e-01  2.67976e+00  1.50981e+02  7.21112e-01  2.31355e-01  0.00000e+00  1.41047e+00  3.83876e+00  0.00000e+00
0196 -1.20117e-01  2.67976e+00  1.50981e+02  7.21114e-01  2.31366e-01  0.00000e+00  1.41047e+00  3.83878e+00  0.00000e+00
0197 -1.18164e-01  2.67976e+00  1.50981e+02  7.21117e-01  2.31376e-01  0.00000e+00  1.41047e+00  3.83880e+00  0.00000e+00
0198 -1.16211e-01  2.67976e+00  1.50981e+02  7.21122e-01  2.31380e-01  0.00000e+00  1.41047e+00  3.83881e+00  0.00000e+00
0199 -1.14258e-01  2.67977e+00  1.50981e+02  7.21125e-01  2.31378e-01  0.00000e+00  1.41047e+00  3.83881e+00  0.00000e+00
0200 -1.12305e-01  2.67977e+00  1.50981e+02  7.21128e-01  2.31371e-01  0.00000e+00  1.41047e+00  3.83880e+00  0.00000e+00
0201 -1.10352e-01  2.67978e+00  1.50981e+02  7.21129e-01  2.31363e-01  0.00000e+00  1.41047e+00  3.83879e+00  0.00000e+00
0202 -1.08398e-01  2.67978e+00  1.50981e+02  7.21130e-01  2.31360e-01  0.00000e+00  1.41047e+00  3.83878e+00  0.00000e+00
0203 -1.06445e-01  2.67978e+00  1.50981e+02  7.21130e-01  2.31357e-01  0.00000e+00  1.41047e+00  3.83877e+00  0.00000e+00
0204 -1.04492e-01  2.67977e+00  1.50981e+02  7.21129e-01  2.31348e-01  0.00000e+00  1.41047e+00  3.83875e+00  0.00000e+00
0205 -1.02539e-01  2.67976e+00  1.50981e+02  7.21126e-01  2.31331e-01  0.00000e+00  1.41047e+00  3.83872e+00  0.00000e+00
0206 -1.00586e-01  2.67975e+00  1.50980e+02  7.21122e-01  2.31322e-01  0.00000e+00  1.41047e+00  3.83870e+00  0.00000e+00
0207 -9.86328e-02  2.67974e+00  1.50980e+02  7.21118e-01  2.31320e-01  0.00000e+00  1.41047e+00  3.83870e+00  0.00000e+00
0208 -9.66797e-02  2.67974e+00  1.50980e+02  7.21114e-01  2.31319e-01  0.00000e+00  1.41047e+00  3.83869e+00  0.00000e+00
0209 -9.47266e-02  2.67973e+00  1.50980e+02  7.21110e-01  2.31319e-01  0.00000e+00  1.41047e+00  3.83869e+00  0.00000e+00
0210 -9.27734e-02  2.67973e+00  1.50980e+02  7.21109e-01  2.31320e-01  0.00000e+00  1.41047e+00  3.83870e+00  0.00000e+00
0211 -9.08203e-02  2.67972e+00  1.50980e+02  7.21106e-01  2.31319e-01  0.00000e+00  1.41047e+00  3.83870e+00  0.00000e+00
0212 -8.88672e-02  2.67972e+00  1.50980e+02  7.21105e-01  2.31317e-01  0.00000e+00  1.41047e+00  3.83870e+00  0.00000e+00
0213 -8.69141e-02  2.67971e+00  1.50980e+02  7.21105e-01  2.31315e-01  0.00000e+00  1.41047e+00  3.83870e+00  0.00000e+00
0214 -8.49609e-02  2.67970e+00  1.50981e+02  7.21108e-01  2.31315e-01  0.00000e+00  1.41047e+00  3.83870e+00  0.00000e+00
0215 -8.30078e-02  2.67970e+00  1.50981e+02  7.21115e-01  2.31327e-01  0.00000e+00  1.41047e+00  3.83873e+00  0.00000e+00
0216 -8.10547e-02  2.67969e+00  1.50981e+02  7.21116e-01  2.31369e-01  0.00000e+00  1.41047e+00  3.83880e+00  0.00000e+00
0217 -7.91016e-02  2.67970e+00  1.50981e+02  7.21120e-01  2.31406e-01  0.00000e+00  1.41047e+00  3.83886e+00  0.00000e+00
0218 -7.71484e-02  2.67970e+00  1.50981e+02  7.21124e-01  2.31418e-01  0.00000e+00  1.41047e+00  3.83888e+00  0.00000e+00
0219 -7.51953e-02  2.67971e+00  1.50981e+02  7.21124e-01  2.31408e-01  0.00000e+00  1.41047e+00  3.83887e+00  0.00000e+00
0220 -7.32422e-02  2.67973e+00  1.50981e+02  7.21126e-01  2.31351e-01  0.00000e+00  1.41047e+00  3.83878e+00  0.00000e+00
0221 -7.12891e-02  2.67975e+00  1.50981e+02  7.21125e-01  2.31301e-01  0.00000e+00  1.41047e+00  3.83869e+00  0.00000e+00
0222 -6.93359e-02  2.67976e+00  1.50981e+02  7.21125e-01  2.31284e-01  0.00000e+00  1.41047e+00  3.83866e+00  0.00000e+00
0223 -6.73828e-02  2.67976e+00  1.50981e+02  7.21126e-01  2.31285e-01  0.00000e+00  1.41047e+00  3.83866e+00  0.00000e+00
0224 -6.54297e-02  2.67975e+00  1.50981e+02  7.21125e-01  2.31295e-01  0.00000e+00  1.41047e+00  3.83868e+00  0.00000e+00
0225 -6.34766e-02  2.67974e+00  1.50981e+02  7.21122e-01  2.31301e-01  0.00000e+00  1.41047e+00  3.83868e+00  0.00000e+00
0226 -6.15234e-02  2.67973e+00  1.50981e+02  7.21125e-01  2.31256e-01  0.00000e+00  1.41047e+00  3.83860e+00  0.00000e+00
0227 -5.95703e-02  2.67973e+00  1.50981e+02  7.21122e-01  2.31162e-01  0.00000e+00  1.41047e+00  3.83844e+00  0.00000e+00
0228 -5.76172e-02  2.67972e+00  1.50982e+02  7.21121e-01  2.31111e-01  0.00000e+00  1.41047e+00  3.83836e+00  0.00000e+00
0229 -5.56641e-02  2.67971e+00  1.50982e+02  7.21123e-01  2.31120e-01  0.00000e+00  1.41047e+00  3.83838e+00  0.00000e+00
0230 -5.37109e-02  2.67968e+00  1.50981e+02  7.21123e-01  2.31309e-01  0.00000e+00  1.41047e+00  3.83868e+00  0.00000e+00
0231 -5.17578e-02  2.67964e+00  1.50979e+02  7.21129e-01  2.31590e-01  0.00000e+00  1.41047e+00  3.83911e+00  0.00000e+00
0232 -4.98047e-02  2.67962e+00  1.50979e+02  7.21132e-01  2.31724e-01  0.00000e+00  1.41047e+00  3.83934e+00  0.00000e+00
0233 -4.78516e-02  2.67961e+00  1.50979e+02  7.21126e-01  2.31741e-01  0.00000e+00  1.41047e+00  3.83935e+00  0.00000e+00
0234 -4.58984e-02  2.67962e+00  1.50980e+02  7.21124e-01  2.31618e-01  0.00000e+00  1.41047e+00  3.83915e+00  0.00000e+00
0235 -4.39453e-02  2.67964e+00  1.50980e+02  7.21118e-01  2.31525e-01  0.00000e+00  1.41047e+00  3.83900e+00  0.00000e+00
0236 -4.19922e-02  2.67963e+00  1.50980e+02  7.21117e-01  2.31562e-01  0.00000e+00  1.41047e+00  3.83905e+00  0.00000e+00
0237 -4.00391e-02  2.67961e+00  1.50977e+02  7.21119e-01  2.32023e-01  0.00000e+00  1.41047e+00  3.83978e+00  0.00000e+00
0238 -3.80859e-02  2.67956e+00  1.50974e+02  7.21133e-01  2.32550e-01  0.00000e+00  1.41047e+00  3.84061e+00  0.00000e+00
0239 -3.61328e-02  2.67954e+00  1.50972e+02  7.21130e-01  2.32721e-01  0.00000e+00  1.41047e+00  3.84088e+00  0.00000e+00
0240 -3.41797e-02  2.67955e+00  1.50973e+02  7.21136e-01  2.32632e-01  0.00000e+00  1.41047e+00  3.84074e+00  0.00000e+00
0241 -3.22266e-02  2.67957e+00  1.50974e+02  7.21131e-01  2.32399e-01  0.00000e+00  1.41047e+00  3.84035e+00  0.00000e+00
0242 -3.02734e-02  2.67961e+00  1.50974e+02  7.21133e-01  2.32381e-01  0.00000e+00  1.41047e+00  3.84035e+00  0.00000e+00
0243 -2.83203e-02  2.67959e+00  1.50969e+02  7.21149e-01  2.33176e-01  0.00000e+00  1.41047e+00  3.84161e+00  0.00000e+00
0244 -2.63672e-02  2.67956e+00  1.50963e+02  7.21170e-01  2.34176e-01  0.00000e+00  1.41047e+00  3.84320e+00  0.00000e+00
0245 -2.44141e-02  2.67958e+00  1.50962e+02  7.21188e-01  2.34378e-01  0.00000e+00  1.41047e+00  3.84355e+00  0.00000e+00
0246 -2.24609e-02  2.67978e+00  1.50979e+02  7.21157e-01  2.31523e-01  0.00000e+00  1.41047e+00  3.83901e+00  0.00000e+00
0247 -2.05078e-02  2.68041e+00  1.51038e+02  7.20958e-01  2.21898e-01  0.00000e+00  1.41047e+00  3.82371e+00  0.00000e+00
0248 -1.85547e-02  2.68099e+00  1.51098e+02  7.20747e-01  2.12148e-01  0.00000e+00  1.41047e+00  3.80813e+00  0.00000e+00
0249 -1.66016e-02  2.68119e+00  1.51123e+02  7.20652e-01  2.08056e-01  0.00000e+00  1.41047e+00  3.80178e+00  0.00000e+00
0250 -1.46484e-02  2.68117e+00  1.51124e+02  7.20663e-01  2.08022e-01  0.00000e+00  1.41047e+00  3.80157e+00  0.00000e+00
0251 -1.26953e-02  2.68045e+00  1.51058e+02  7.20805e-01  2.19227e-01  0.00000e+00  1.41047e+00  3.81944e+00  0.00000e+00
0252 -1.07422e-02  2.67856e+00  1.50881e+02  7.21423e-01  2.47776e-01  0.00000e+00  1.41047e+00  3.86482e+00  0.00000e+00
0253 -8.78906e-03  2.67640e+00  1.50679e+02  7.22116e-01  2.80099e-01  0.00000e+00  1.41047e+00  3.91616e+00  0.00000e+00
0254 -6.83594e-03  2.67475e+00  1.50529e+02  7.22628e-01  3.03935e-01  0.00000e+00  1.41047e+00  3.95398e+00  0.00000e+00
0255 -4.88281e-03  2.67383e+00  1.50446e+02  7.22904e-01  3.16916e-01  0.00000e+00  1.41047e+00  3.97455e+00  0.00000e+00
0256 -2.92969e-03  2.67324e+00  1.50403e+02  7.23042e-01  3.23607e-01  0.00000e+00  1.41047e+00  3.98515e+00  0.00000e+00
0257 -9.76562e-04  2.67271e+00  1.50365e+02  7.23165e-01  3.29731e-01  0.00000e+00  1.41047e+00  3.99485e+00  0.00000e+00
0258  9.76562e-04  2.67200e+00  1.50301e+02  7.23363e-01  3.39746e-01  0.00000e+00  1.41047e+00  4.01072e+00  0.00000e+00
0259  2.92969e-03  2.67121e+00  1.50225e+02  7.23626e-01  3.51587e-01  0.00000e+00  1.41047e+00  4.02939e+00  0.00000e+00
0260  4.88281e-03  2.67111e+00  1.50177e+02  7.23787e-01  3.58877e-01  0.00000e+00  1.41047e+00  4.04115e+00  0.00000e+00
0261  6.83594e-03  2.67130e+00  1.50163e+02  7.23842e-01  3.61221e-01  0.00000e+00  1.41047e+00  4.04465e+00  0.00000e+00
0262  8.78906e-03  2.67144e+00  1.50162e+02  7.23853e-01  3.61322e-01  0.00000e+00  1.41047e+00  4.04479e+00  0.00000e+00
0263  1.07422e-02  2.67160e+00  1.50172e+02  7.23830e-01  3.59686e-01  0.00000e+00  1.41047e+00  4.04220e+00  0.00000e+00
0264  1.26953e-02  2.67161e+00  1.50182e+02  7.23796e-01  3.58290e-01  0.00000e+00  1.41047e+00  4.03996e+00  0.00000e+00
0265  1.46484e-02  2.67161e+00  1.50184e+02  7.23791e-01  3.57911e-01  0.00000e+00  1.41047e+00  4.03944e+00  0.00000e+00
0266  1.66016e-02  2.67167e+00  1.50184e+02  7.23792e-01  3.57971e-01  0.00000e+00  1.41047e+00  4.03955e+00  0.00000e+00
0267  1.85547e-02  2.67190e+00  1.50183e+02  7.23793e-01  3.58074e-01  0.00000e+00  1.41047e+00  4.03976e+00  0.00000e+00
0268  2.05078e-02  2.67232e+00  1.50184e+02  7.23786e-01  3.57926e-01  0.00000e+00  1.41047e+00  4.03956e+00  0.00000e+00
0269  2.24609e-02  2.67284e+00  1.50187e+02  7.23766e-01  3.57470e-01  0.00000e+00  1.41047e+00  4.03886e+00  0.00000e+00
0270  2.44141e-02  2.67320e+00  1.50188e+02  7.23755e-01  3.57216e-01  0.00000e+00  1.41047e+00  4.03863e+00  0.00000e+00
0271  2.63672e-02  2.67337e+00  1.50187e+02  7.23749e-01  3.57241e-01  0.00000e+00  1.41047e+00  4.03870e+00  0.00000e+00
0272  2.83203e-02  2.67350e+00  1.50186e+02  7.23749e-01  3.57446e-01  0.00000e+00  1.41047e+00  4.03908e+00  0.00000e+00
0273  3.02734e-02  2.67375e+00  1.50186e+02  7.23749e-01  3.57617e-01  0.00000e+00  1.41047e+00  4.03911e+00  0.00000e+00
0274  3.22266e-02  2.67408e+00  1.50186e+02  7.23750e-01  3.57549e-01  0.00000e+00  1.41047e+00  4.03894e+00  0.00000e+00
0275  3.41797e-02  2.67421e+00  1.50189e+02  7.23744e-01  3.57053e-01  0.00000e+00  1.41047e+00  4.03810e+00  0.00000e+00
0276  3.61328e-02  2.67407e+00  1.50193e+02  7.23733e-01  3.56540e-01  0.00000e+00  1.41047e+00  4.03718e+00  0.00000e+00
0277  3.80859e-02  2.67319e+00  1.50195e+02  7.23736e-01  3.56261e-01  0.00000e+00  1.41047e+00  4.03687e+00  0.00000e+00
0278  4.00391e-02  2.67033e+00  1.50195e+02  7.23742e-01  3.56181e-01  0.00000e+00  1.41047e+00  4.03688e+00  0.00000e+00
0279  4.19922e-02  2.66404e+00  1.50194e+02  7.23751e-01  3.56281e-01  0.00000e+00  1.41047e+00  4.03705e+00  0.00000e+00
0280  4.39453e-02  2.65738e+00  1.50193e+02  7.23763e-01  3.56458e-01  0.00000e+00  1.41047e+00  4.03733e+00  0.00000e+00
0281  4.58984e-02  2.65650e+00  1.50192e+02  7.23770e-01  3.56594e-01  0.00000e+00  1.41047e+00  4.03750e+00  0.00000e+00
0282  4.78516e-02  2.65874e+00  1.50193e+02  7.23773e-01  3.56644e-01  0.00000e+00  1.41047e+00  4.03742e+00  0.00000e+00
0283  4.98047e-02  2.66985e+00  1.50193e+02  7.23772e-01  3.56618e-01  0.00000e+00  1.41047e+00  4.03718e+00  0.00000e+00
0284  5.17578e-02  2.70135e+00  1.50193e+02  7.23772e-01  3.56654e-01  0.00000e+00  1.41047e+00  4.03718e+00  0.00000e+00
0285  5.37109e-02  2.76930e+00  1.50193e+02  7.23769e-01  3.56739e-01  0.00000e+00  1.41047e+00  4.03726e+00  0.00000e+00
0286  5.56641e-02  2.89027e+00  1.50192e+02  7.23767e-01  3.56813e-01  0.00000e+00  1.41047e+00  4.03743e+00  0.00000e+00
0287  5.76172e-02  3.07205e+00  1.50191e+02  7.23762e-01  3.56864e-01  0.00000e+00  1.41047e+00  4.03765e+00  0.00000e+00
0288  5.95703e-02  3.30100e+00  1.50189e+02  7.23755e-01  3.56963e-01  0.00000e+00  1.41047e+00  4.03813e+00  0.00000e+00
0289  6.15234e-02  3.53489e+00  1.50190e+02  7.23745e-01  3.56787e-01  0.00000e+00  1.41047e+00  4.03791e+00  0.00000e+00
0290  6.34766e-02  3.71676e+00  1.50190e+02  7.23738e-01  3.56674e-01  0.00000e+00  1.41047e+00  4.03788e+00  0.00000e+00
0291  6.54297e-02  3.81506e+00  1.50190e+02  7.23734e-01  3.56688e-01  0.00000e+00  1.41047e+00  4.03794e+00  0.00000e+00
0292  6.73828e-02  3.84821e+00  1.50190e+02  7.23733e-01  3.56726e-01  0.00000e+00  1.41047e+00  4.03805e+00  0.00000e+00
0293  6.93359e-02  3.85439e+00  1.50189e+02  7.23733e-01  3.56753e-01  0.00000e+00  1.41047e+00  4.03817e+00  0.00000e+00
0294  7.12891e-02  3.85486e+00  1.50187e+02  7.23739e-01  3.56855e-01  0.00000e+00  1.41047e+00  4.03868e+00  0.00000e+00
0295  7.32422e-02  3.85492e+00  1.50188e+02  7.23742e-01  3.56665e-01  0.00000e+00  1.41047e+00  4.03844e+00  0.00000e+00
0296  7.51953e-02  3.85490e+00  1.50188e+02  7.23742e-01  3.56471e-01  0.00000e+00  1.41047e+00  4.03847e+00  0.00000e+00
0297  7.71484e-02  3.85479e+00  1.50187e+02  7.23750e-01  3.56397e-01  0.00000e+00  1.41047e+00  4.03864e+00  0.00000e+00
0298  7.91016e-02  3.85451e+00  1.50186e+02  7.23754e-01  3.56320e-01  0.00000e+00  1.41047e+00  4.03885e+00  0.00000e+00
0299  8.10547e-02  3.85400e+00  1.50186e+02  7.23756e-01  3.56279e-01  0.00000e+00  1.41047e+00  4.03901e+00  0.00000e+00
0300  8.30078e-02  3.85325e+00  1.50184e+02  7.23756e-01  3.56384e-01  0.00000e+00  1.41047e+00  4.03938e+00  0.00000e+00
0301  8.49609e-02  3.85236e+00  1.50185e+02  7.23754e-01  3.56201e-01  0.00000e+00  1.41047e+00  4.03912e+00  0.00000e+00
0302  8.69141e-02  3.85144e+00  1.50186e+02  7.23746e-01  3.56193e-01  0.00000e+00  1.41047e+00  4.03888e+00  0.00000e+00
0303  8.88672e-02  3.85058e+00  1.50187e+02  7.23743e-01  3.56321e-01  0.00000e+00  1.41047e+00  4.03879e+00  0.00000e+00
0304  9.08203e-02  3.84992e+00  1.50188e+02  7.23745e-01  3.56589e-01  0.00000e+00  1.41047e+00  4.03838e+00  0.00000e+00
0305  9.27734e-02  3.84954e+00  1.50192e+02  7.23745e-01  3.57009e-01  0.00000e+00  1.41047e+00  4.03766e+00  0.00000e+00
0306  9.47266e-02  3.84941e+00  1.50192e+02  7.23752e-01  3.57334e-01  0.00000e+00  1.41047e+00  4.03748e+00  0.00000e+00
0307  9.66797e-02  3.84947e+00  1.50193e+02  7.23754e-01  3.57096e-01  0.00000e+00  1.41047e+00  4.03726e+00  0.00000e+00
0308  9.86328e-02  3.84960e+00  1.50190e+02  7.23738e-01  3.56507e-01  0.00000e+00  1.41047e+00  4.03817e+00  0.00000e+00
0309  1.00586e-01  3.84963e+00  1.50174e+02  7.23715e-01  3.54676e-01  0.00000e+00  1.41047e+00  4.04187e+00  0.00000e+00
0310  1.02539e-01  3.84938e+00  1.50134e+02  7.23612e-01  3.49581e-01  0.00000e+00  1.41047e+00  4.05168e+00  0.00000e+00
0311  1.04492e-01  3.84822e+00  1.50043e+02  7.23369e-01  3.37902e-01  0.00000e+00  1.41047e+00  4.07394e+00  0.00000e+00
0312  1.06445e-01  3.84543e+00  1.49856e+02  7.22869e-01  3.14334e-01  0.00000e+00  1.41047e+00  4.11903e+00  0.00000e+00
0313  1.08398e-01  3.84012e+00  1.49512e+02  7.21926e-01  2.70862e-01  0.00000e+00  1.41047e+00  4.20064e+00  0.00000e+00
0314  1.10352e-01  3.83105e+00  1.48926e+02  7.20303e-01  1.99004e-01  0.00000e+00  1.41047e+00  4.33633e+00  0.00000e+00
0315  1.12305e-01  3.81706e+00  1.48020e+02  7.17772e-01  9.19379e-02  0.00000e+00  1.41047e+00  4.53805e+00  0.00000e+00
0316  1.14258e-01  3.79803e+00  1.46790e+02  7.14278e-01 -4.76043e-02  0.00000e+00  1.41047e+00  4.79900e+00  0.00000e+00
0317  1.16211e-01  3.77664e+00  1.45408e+02  7.10316e-01 -1.97399e-01  0.00000e+00  1.41047e+00  5.07691e+00  0.00000e+00
0318  1.18164e-01  3.75906e+00  1.44274e+02  7.07036e-01 -3.15631e-01  0.00000e+00  1.41047e+00  5.29486e+00  0.00000e+00
0319  1.20117e-01  3.75031e+00  1.43711e+02  7.05485e-01 -3.73716e-01  0.00000e+00  1.41047e+00  5.40066e+00  0.00000e+00
0320  1.22070e-01  3.74813e+00  1.43572e+02  7.05101e-01 -3.87886e-01  0.00000e+00  1.41047e+00  5.42653e+00  0.00000e+00
0321  1.24023e-01  3.74784e+00  1.43553e+02  7.04982e-01 -3.89305e-01  0.00000e+00  1.41047e+00  5.42939e+00  0.00000e+00
0322  1.25977e-01  3.74781e+00  1.43551e+02  7.04965e-01 -3.89318e-01  0.00000e+00  1.41047e+00  5.42964e+00  0.00000e+00
0323  1.27930e-01  3.74782e+00  1.43552e+02  7.04959e-01 -3.89286e-01  0.00000e+00  1.41047e+00  5.42957e+00  0.00000e+00
0324  1.29883e-01  3.74784e+00  1.43553e+02  7.04980e-01 -3.89105e-01  0.00000e+00  1.41047e+00  5.42944e+00  0.00000e+00
0325  1.31836e-01  3.74791e+00  1.43557e+02  7.05011e-01 -3.89118e-01  0.00000e+00  1.41047e+00  5.42888e+00  0.00000e+00
0326  1.33789e-01  3.74796e+00  1.43560e+02  7.05057e-01 -3.88942e-01  0.00000e+00  1.41047e+00  5.42854e+00  0.00000e+00
0327  1.35742e-01  3.74799e+00  1.43562e+02  7.05087e-01 -3.88654e-01  0.00000e+00  1.41047e+00  5.42832e+00  0.00000e+00
0328  1.37695e-01  3.74800e+00  1.43563e+02  7.05092e-01 -3.88376e-01  0.00000e+00  1.41047e+00  5.42808e+00  0.00000e+00
0329  1.39648e-01  3.74802e+00  1.43564e+02  7.05080e-01 -3.88253e-01  0.00000e+00  1.41047e+00  5.42771e+00  0.00000e+00
0330  1.41602e-01  3.74802e+00  1.43564e+02  7.05059e-01 -3.88085e-01  0.00000e+00  1.41047e+00  5.42754e+00  0.00000e+00
0331  1.43555e-01  3.74804e+00  1.43566e+02  7.05030e-01 -3.88170e-01  0.00000e+00  1.41047e+00  5.42711e+00  0.00000e+00
0332  1.45508e-01  3.74805e+00  1.43566e+02  7.05023e-01 -3.88134e-01  0.00000e+00  1.41047e+00  5.42702e+00  0.00000e+00
0333  1.47461e-01  3.74805e+00  1.43566e+02  7.05021e-01 -3.88042e-01  0.00000e+00  1.41047e+00  5.42710e+00  0.00000e+00
0334  1.49414e-01  3.74804e+00  1.43565e+02  7.05044e-01 -3.87918e-01  0.00000e+00  1.41047e+00  5.42723e+00  0.00000e+00
0335  1.51367e-01  3.74807e+00  1.43567e+02  7.05060e-01 -3.87961e-01  0.00000e+00  1.41047e+00  5.42712e+00  0.00000e+00
0336  1.53320e-01  3.74808e+00  1.43567e+02  7.05071e-01 -3.87919e-01  0.00000e+00  1.41047e+00  5.42719e+00  0.00000e+00
0337  1.55273e-01  3.74810e+00  1.43568e+02  7.05075e-01 -3.88065e-01  0.00000e+00  1.41047e+00  5.42691e+00  0.00000e+00
0338  1.57227e-01  3.74813e+00  1.43568e+02  7.05073e-01 -3.88061e-01  0.00000e+00  1.41047e+00  5.42692e+00  0.00000e+00
0339  1.59180e-01  3.74812e+00  1.43568e+02  7.05070e-01 -3.88001e-01  0.00000e+00  1.41047e+00  5.42703e+00  0.00000e+00
0340  1.61133e-01  3.74812e+00  1.43566e+02  7.05058e-01 -3.87890e-01  0.00000e+00  1.41047e+00  5.42723e+00  0.00000e+00
0341  1.63086e-01  3.74813e+00  1.43566e+02  7.05052e-01 -3.87968e-01  0.00000e+00  1.41047e+00  5.42709e+00  0.00000e+00
0342  1.65039e-01  3.74813e+00  1.43566e+02  7.05049e-01 -3.87935e-01  0.00000e+00  1.41047e+00  5.42716e+00  0.00000e+00
0343  1.66992e-01  3.74816e+00  1.43567e+02  7.05050e-01 -3.88078e-01  0.00000e+00  1.41047e+00  5.42690e+00  0.00000e+00
0344  1.68945e-01  3.74816e+00  1.43567e+02  7.05047e-01 -3.88063e-01  0.00000e+00  1.41047e+00  5.42694e+00  0.00000e+00
0345  1.70898e-01  3.74816e+00  1.43567e+02  7.05055e-01 -3.88004e-01  0.00000e+00  1.41047e+00  5.42705e+00  0.00000e+00
0346  1.72852e-01  3.74814e+00  1.43565e+02  7.05061e-01 -3.87880e-01  0.00000e+00  1.41047e+00  5.42728e+00  0.00000e+00
0347  1.74805e-01  3.74815e+00  1.43566e+02  7.05061e-01 -3.87986e-01  0.00000e+00  1.41047e+00  5.42709e+00  0.00000e+00
0348  1.76758e-01  3.74815e+00  1.43566e+02  7.05057e-01 -3.87947e-01  0.00000e+00  1.41047e+00  5.42717e+00  0.00000e+00
0349  1.78711e-01  3.74816e+00  1.43567e+02  7.05052e-01 -3.88085e-01  0.00000e+00  1.41047e+00  5.42692e+00  0.00000e+00
0350  1.80664e-01  3.74816e+00  1.43567e+02  7.05047e-01 -3.88059e-01  0.00000e+00  1.41047e+00  5.42697e+00  0.00000e+00
0351  1.82617e-01  3.74814e+00  1.43567e+02  7.05049e-01 -3.88006e-01  0.00000e+00  1.41047e+00  5.42707e+00  0.00000e+00
0352  1.84570e-01  3.74812e+00  1.43565e+02  7.05054e-01 -3.87876e-01  0.00000e+00  1.41047e+00  5.42732e+00  0.00000e+00
0353  1.86523e-01  3.74814e+00  1.43567e+02  7.05057e-01 -3.88019e-01  0.00000e+00  1.41047e+00  5.42707e+00  0.00000e+00
0354  1.88477e-01  3.74813e+00  1.43567e+02  7.05059e-01 -3.87974e-01  0.00000e+00  1.41047e+00  5.42716e+00  0.00000e+00
0355  1.90430e-01  3.74815e+00  1.43568e+02  7.05061e-01 -3.88105e-01  0.00000e+00  1.41047e+00  5.42693e+00  0.00000e+00
0356  1.92383e-01  3.74814e+00  1.43567e+02  7.05063e-01 -3.88069e-01  0.00000e+00  1.41047e+00  5.42701e+00  0.00000e+00
0357  1.94336e-01  3.74813e+00  1.43567e+02  7.05068e-01 -3.88021e-01  0.00000e+00  1.41047e+00  5.42710e+00  0.00000e+00
0358  1.96289e-01  3.74811e+00  1.43565e+02  7.05067e-01 -3.87875e-01  0.00000e+00  1.41047e+00  5.42739e+00  0.00000e+00
0359  1.98242e-01  3.74813e+00  1.43567e+02  7.05065e-01 -3.88062e-01  0.00000e+00  1.41047e+00  5.42705e+00  0.00000e+00
0360  2.00195e-01  3.74813e+00  1.43566e+02  7.05061e-01 -3.88004e-01  0.00000e+00  1.41047e+00  5.42717e+00  0.00000e+00
0361  2.02148e-01  3.74814e+00  1.43567e+02  7.05058e-01 -3.88121e-01  0.00000e+00  1.41047e+00  5.42696e+00  0.00000e+00
0362  2.04102e-01  3.74814e+00  1.43567e+02  7.05055e-01 -3.88073e-01  0.00000e+00  1.41047e+00  5.42706e+00  0.00000e+00
0363  2.06055e-01  3.74813e+00  1.43566e+02  7.05056e-01 -3.88032e-01  0.00000e+00  1.41047e+00  5.42714e+00  0.00000e+00
0364  2.08008e-01  3.74810e+00  1.43565e+02  7.05058e-01 -3.87860e-01  0.00000e+00  1.41047e+00  5.42746e+00  0.00000e+00
0365  2.09961e-01  3.74814e+00  1.43567e+02  7.05055e-01 -3.88093e-01  0.00000e+00  1.41047e+00  5.42703e+00  0.00000e+00
0366  2.11914e-01  3.74812e+00  1.43566e+02  7.05051e-01 -3.88016e-01  0.00000e+00  1.41047e+00  5.42718e+00  0.00000e+00
0367  2.13867e-01  3.74814e+00  1.43567e+02  7.05050e-01 -3.88116e-01  0.00000e+00  1.41047e+00  5.42699e+00  0.00000e+00
0368  2.15820e-01  3.74813e+00  1.43567e+02  7.05049e-01 -3.88063e-01  0.00000e+00  1.41047e+00  5.42709e+00  0.00000e+00
0369  2.17773e-01  3.74812e+00  1.43567e+02  7.05051e-01 -3.88032e-01  0.00000e+00  1.41047e+00  5.42714e+00  0.00000e+00
0370  2.19727e-01  3.74809e+00  1.43565e+02  7.05053e-01 -3.87831e-01  0.00000e+00  1.41047e+00  5.42751e+00  0.00000e+00
0371  2.21680e-01  3.74813e+00  1.43567e+02  7.05054e-01 -3.88121e-01  0.00000e+00  1.41047e+00  5.42697e+00  0.00000e+00
0372  2.23633e-01  3.74812e+00  1.43566e+02  7.05054e-01 -3.88023e-01  0.00000e+00  1.41047e+00  5.42715e+00  0.00000e+00
0373  2.25586e-01  3.74813e+00  1.43567e+02  7.05058e-01 -3.88104e-01  0.00000e+00  1.41047e+00  5.42700e+00  0.00000e+00
0374  2.27539e-01  3.74812e+00  1.43566e+02  7.05063e-01 -3.88049e-01  0.00000e+00  1.41047e+00  5.42710e+00  0.00000e+00
0375  2.29492e-01  3.74812e+00  1.43566e+02  7.05067e-01 -3.88035e-01  0.00000e+00  1.41047e+00  5.42712e+00  0.00000e+00
0376  2.31445e-01  3.74809e+00  1.43564e+02  7.05070e-01 -3.87801e-01  0.00000e+00  1.41047e+00  5.42755e+00  0.00000e+00
0377  2.33398e-01  3.74814e+00  1.43567e+02  7.05067e-01 -3.88157e-01  0.00000e+00  1.41047e+00  5.42690e+00  0.00000e+00
0378  2.35352e-01  3.74813e+00  1.43567e+02  7.05060e-01 -3.88031e-01  0.00000e+00  1.41047e+00  5.42713e+00  0.00000e+00
0379  2.37305e-01  3.74815e+00  1.43567e+02  7.05057e-01 -3.88091e-01  0.00000e+00  1.41047e+00  5.42703e+00  0.00000e+00
0380  2.39258e-01  3.74815e+00  1.43567e+02  7.05053e-01 -3.88036e-01  0.00000e+00  1.41047e+00  5.42713e+00  0.00000e+00
0381  2.41211e-01  3.74815e+00  1.43567e+02  7.05051e-01 -3.88042e-01  0.00000e+00  1.41047e+00  5.42712e+00  0.00000e+00
0382  2.43164e-01  3.74810e+00  1.43564e+02  7.05052e-01 -3.87770e-01  0.00000e+00  1.41047e+00  5.42762e+00  0.00000e+00
0383  2.45117e-01  3.74816e+00  1.43569e+02  7.05049e-01 -3.88202e-01  0.00000e+00  1.41047e+00  5.42683e+00  0.00000e+00
0384  2.47070e-01  3.74815e+00  1.43567e+02  7.05043e-01 -3.88040e-01  0.00000e+00  1.41047e+00  5.42713e+00  0.00000e+00
0385  2.49023e-01  3.74816e+00  1.43567e+02  7.05045e-01 -3.88076e-01  0.00000e+00  1.41047e+00  5.42706e+00  0.00000e+00
0386  2.50977e-01  3.74815e+00  1.43567e+02  7.05045e-01 -3.88025e-01  0.00000e+00  1.41047e+00  5.42715e+00  0.00000e+00
0387  2.52930e-01  3.74814e+00  1.43567e+02  7.05047e-01 -3.88053e-01  0.00000e+00  1.41047e+00  5.42710e+00  0.00000e+00
0388  2.54883e-01  3.74808e+00  1.43564e+02  7.05057e-01 -3.87734e-01  0.00000e+00  1.41047e+00  5.42768e+00  0.00000e+00
0389  2.56836e-01  3.74816e+00  1.43568e+02  7.05065e-01 -3.88256e-01  0.00000e+00  1.41047e+00  5.42672e+00  0.00000e+00
0390  2.58789e-01  3.74814e+00  1.43566e+02  7.05077e-01 -3.88048e-01  0.00000e+00  1.41047e+00  5.42710e+00  0.00000e+00
0391  2.60742e-01  3.74814e+00  1.43566e+02  7.05086e-01 -3.88060e-01  0.00000e+00  1.41047e+00  5.42708e+00  0.00000e+00
0392  2.62695e-01  3.74810e+00  1.43565e+02  7.05080e-01 -3.88016e-01  0.00000e+00  1.41047e+00  5.42716e+00  0.00000e+00
0393  2.64648e-01  3.74811e+00  1.43566e+02  7.05071e-01 -3.88070e-01  0.00000e+00  1.41047e+00  5.42706e+00  0.00000e+00
0394  2.66602e-01  3.74808e+00  1.43563e+02  7.05059e-01 -3.87695e-01  0.00000e+00  1.41047e+00  5.42776e+00  0.00000e+00
0395  2.68555e-01  3.74819e+00  1.43569e+02  7.05042e-01 -3.88320e-01  0.00000e+00  1.41047e+00  5.42662e+00  0.00000e+00
0396  2.70508e-01  3.74817e+00  1.43567e+02  7.05035e-01 -3.88055e-01  0.00000e+00  1.41047e+00  5.42712e+00  0.00000e+00
0397  2.72461e-01  3.74813e+00  1.43567e+02  7.05038e-01 -3.88034e-01  0.00000e+00  1.41047e+00  5.42715e+00  0.00000e+00
0398  2.74414e-01  3.74810e+00  1.43566e+02  7.05038e-01 -3.87999e-01  0.00000e+00  1.41047e+00  5.42721e+00  0.00000e+00
0399  2.76367e-01  3.74814e+00  1.43568e+02  7.05035e-01 -3.88089e-01  0.00000e+00  1.41047e+00  5.42705e+00  0.00000e+00
0400  2.78320e-01  3.74812e+00  1.43564e+02  7.05036e-01 -3.87660e-01  0.00000e+00  1.41047e+00  5.42784e+00  0.00000e+00
0401  2.80273e-01  3.74822e+00  1.43570e+02  7.05037e-01 -3.88378e-01  0.00000e+00  1.41047e+00  5.42652e+00  0.00000e+00
0402  2.82227e-01  3.74815e+00  1.43567e+02  7.05054e-01 -3.88058e-01  0.00000e+00  1.41047e+00  5.42712e+00  0.00000e+00
0403  2.84180e-01  3.74809e+00  1.43567e+02  7.05053e-01 -3.88010e-01  0.00000e+00  1.41047e+00  5.42718e+00  0.00000e+00
0404  2.86133e-01  3.74810e+00  1.43567e+02  7.05042e-01 -3.87970e-01  0.00000e+00  1.41047e+00  5.42726e+00  0.00000e+00
0405  2.88086e-01  3.74819e+00  1.43568e+02  7.05029e-01 -3.88115e-01  0.00000e+00  1.41047e+00  5.42700e+00  0.00000e+00
0406  2.90039e-01  3.74813e+00  1.43563e+02  7.05050e-01 -3.87664e-01  0.00000e+00  1.41047e+00  5.42783e+00  0.00000e+00
0407  2.91992e-01  3.74815e+00  1.43568e+02  7.05120e-01 -3.88419e-01  0.00000e+00  1.41047e+00  5.42641e+00  0.00000e+00
0408  2.93945e-01  3.74802e+00  1.43563e+02  7.05204e-01 -3.88048e-01  0.00000e+00  1.41047e+00  5.42703e+00  0.00000e+00
0409  2.95898e-01  3.74803e+00  1.43564e+02  7.05179e-01 -3.88034e-01  0.00000e+00  1.41047e+00  5.42706e+00  0.00000e+00
0410  2.97852e-01  3.74817e+00  1.43568e+02  7.05000e-01 -3.87915e-01  0.00000e+00  1.41047e+00  5.42741e+00  0.00000e+00
0411  2.99805e-01  3.74829e+00  1.43572e+02  7.04912e-01 -3.88149e-01  0.00000e+00  1.41047e+00  5.42703e+00  0.00000e+00
0412  3.01758e-01  3.74812e+00  1.43565e+02  7.04940e-01 -3.87657e-01  0.00000e+00  1.41047e+00  5.42790e+00  0.00000e+00
0413  3.03711e-01  3.74801e+00  1.43565e+02  7.05140e-01 -3.88442e-01  0.00000e+00  1.41047e+00  5.42631e+00  0.00000e+00
0414  3.05664e-01  3.74794e+00  1.43561e+02  7.05319e-01 -3.88022e-01  0.00000e+00  1.41047e+00  5.42699e+00  0.00000e+00
0415  3.07617e-01  3.74816e+00  1.43567e+02  7.05084e-01 -3.88049e-01  0.00000e+00  1.41047e+00  5.42707e+00  0.00000e+00
0416  3.09570e-01  3.74837e+00  1.43575e+02  7.04660e-01 -3.87836e-01  0.00000e+00  1.41047e+00  5.42773e+00  0.00000e+00
0417  3.11523e-01  3.74837e+00  1.43580e+02  7.04645e-01 -3.88178e-01  0.00000e+00  1.41047e+00  5.42710e+00  0.00000e+00
0418  3.13477e-01  3.74786e+00  1.43556e+02  7.05275e-01 -3.87648e-01  0.00000e+00  1.41047e+00  5.42767e+00  0.00000e+00
0419  3.15430e-01  3.74773e+00  1.43550e+02  7.05707e-01 -3.88481e-01  0.00000e+00  1.41047e+00  5.42594e+00  0.00000e+00
0420  3.17383e-01  3.74793e+00  1.43552e+02  7.05510e-01 -3.87992e-01  0.00000e+00  1.41047e+00  5.42681e+00  0.00000e+00
0421  3.19336e-01  3.74867e+00  1.43593e+02  7.04216e-01 -3.88057e-01  0.00000e+00  1.41047e+00  5.42755e+00  0.00000e+00
0422  3.21289e-01  3.74874e+00  1.43603e+02  7.03692e-01 -3.87717e-01  0.00000e+00  1.41047e+00  5.42853e+00  0.00000e+00
0423  3.23242e-01  3.74815e+00  1.43575e+02  7.04798e-01 -3.88239e-01  0.00000e+00  1.41047e+00  5.42689e+00  0.00000e+00
0424  3.25195e-01  3.74695e+00  1.43503e+02  7.07101e-01 -3.87689e-01  0.00000e+00  1.41047e+00  5.42644e+00  0.00000e+00
0425  3.27148e-01  3.74711e+00  1.43499e+02  7.07659e-01 -3.88565e-01  0.00000e+00  1.41047e+00  5.42478e+00  0.00000e+00
0426  3.29102e-01  3.74862e+00  1.43587e+02  7.04355e-01 -3.87914e-01  0.00000e+00  1.41047e+00  5.42762e+00  0.00000e+00
0427  3.31055e-01  3.74996e+00  1.43679e+02  7.01090e-01 -3.87992e-01  0.00000e+00  1.41047e+00  5.42938e+00  0.00000e+00
0428  3.33008e-01  3.74959e+00  1.43671e+02  7.01323e-01 -3.87576e-01  0.00000e+00  1.41047e+00  5.43033e+00  0.00000e+00
0429  3.34961e-01  3.74652e+00  1.43474e+02  7.08505e-01 -3.88435e-01  0.00000e+00  1.41047e+00  5.42447e+00  0.00000e+00
0430  3.36914e-01  3.74480e+00  1.43356e+02  7.12152e-01 -3.87824e-01  0.00000e+00  1.41047e+00  5.42310e+00  0.00000e+00
0431  3.38867e-01  3.74673e+00  1.43457e+02  7.09010e-01 -3.88583e-01  0.00000e+00  1.41047e+00  5.42376e+00  0.00000e+00
0432  3.40820e-01  3.75231e+00  1.43830e+02  6.96288e-01 -3.87663e-01  0.00000e+00  1.41047e+00  5.43330e+00  0.00000e+00
0433  3.42773e-01  3.75358e+00  1.43925e+02  6.91851e-01 -3.87790e-01  0.00000e+00  1.41047e+00  5.43503e+00  0.00000e+00
0434  3.44727e-01  3.74788e+00  1.43564e+02  7.04606e-01 -3.87541e-01  0.00000e+00  1.41047e+00  5.42800e+00  0.00000e+00
0435  3.46680e-01  3.74036e+00  1.43061e+02  7.25095e-01 -3.88992e-01  0.00000e+00  1.41047e+00  5.41482e+00  0.00000e+00
0436  3.48633e-01  3.73854e+00  1.42946e+02  7.25337e-01 -3.88178e-01  0.00000e+00  1.41047e+00  5.41388e+00  0.00000e+00
0437  3.50586e-01  3.75371e+00  1.43890e+02  6.92020e-01 -3.88181e-01  0.00000e+00  1.41047e+00  5.43380e+00  0.00000e+00
0438  3.52539e-01  3.76474e+00  1.44662e+02  6.71440e-01 -3.86918e-01  0.00000e+00  1.41047e+00  5.45252e+00  0.00000e+00
0439  3.54492e-01  3.76027e+00  1.44329e+02  6.77442e-01 -3.87414e-01  0.00000e+00  1.41047e+00  5.44436e+00  0.00000e+00
0440  3.56445e-01  3.72838e+00  1.42304e+02  7.40236e-01 -3.88333e-01  0.00000e+00  1.41047e+00  5.39934e+00  0.00000e+00
0441  3.58398e-01  3.72221e+00  1.41847e+02  7.79715e-01 -3.90947e-01  0.00000e+00  1.41047e+00  5.38772e+00  0.00000e+00
0442  3.60352e-01  3.74127e+00  1.43128e+02  7.25331e-01 -3.87957e-01  0.00000e+00  1.41047e+00  5.41837e+00  0.00000e+00
0443  3.62305e-01  3.77711e+00  1.45316e+02  5.96959e-01 -3.85953e-01  0.00000e+00  1.41047e+00  5.46801e+00  0.00000e+00
0444  3.64258e-01  3.81560e+00  1.47950e+02  6.12273e-01 -3.84166e-01  0.00000e+00  1.41047e+00  5.52696e+00  0.00000e+00
0445  3.66211e-01  3.66448e+00  1.38019e+02  8.40160e-01 -3.93456e-01  0.00000e+00  1.41047e+00  5.30352e+00  0.00000e+00
0446  3.68164e-01  2.71979e+00  8.36530e+01 -2.14823e+00 -2.75808e-01  0.00000e+00  1.41047e+00  3.92362e+00  0.00000e+00
0447  3.70117e-01  1.03130e+00  6.87528e-01 -9.93590e+00 -7.07863e-03  0.00000e+00  1.41047e+00  1.45588e+00  0.00000e+00
0448  3.72070e-01  1.00000e+00  1.00000e+00 -1.00000e+01  0.00000e+00  0.00000e+00  1.41047e+00  1.41047e+00  0.00000e+00
0449  3.74023e-01  1.00000e+00  1.00000e+00 -1.00000e+01  0.00000e+00  0.00000e+00  1.41047e+00  1.41047e+00  0.00000e+00
0450  3.75977e-01  1.00000e+00  1.00000e+00 -1.00000e+01  0.00000e+00  0.00000e+00  1.41047e+00  1.41047e+00  0.00000e+00
0451  3.77930e-01  1.00000e+00  1.00000e+00 -1.00000e+01  0.00000e+00  0.00000e+00  1.41047e+00  1.41047e+00  0.00000e+00
0452  3.79883e-01  1.00000e+00  1.00000e+00 -1.00000e+01  0.00000e+00  0.00000e+00  1.41047e+00  1.41047e+00  0.00000e+00
0453  3.81836e-01  1.00000e+00  1.00000e+00 -1.00000e+01  0.00000e+00  0.00000e+00  1.41047e+00  1.41047e+00  0.00000e+00
0454  3.83789e-01  1.00000e+00  1.00000e+00 -1.00000e+01  0.00000e+00  0.00000e+00  1.41047e+00  1.41047e+00  0.00000e+00
0455  3.85742e-01  1.00000e+00  1.00000e+00 -1.00000e+01  0.00000e+00  0.00000e+00  1.41047e+00  1.41047e+00  0.00000e+00
0456  3.87695e-01  1.00000e+00  1.00000e+00 -1.00000e+01  0.00000e+00  0.00000e+00  1.41047e+00  1.41047e+00  0.00000e+00
0457  3.89648e-01  1.00000e+00  1.00000e+00 -1.00000e+01  0.00000e+00  0.00000e+00  1.41047e+00  1.41047e+00  0.00000e+00
0458  3.91602e-01  1.00000e+00  1.00000e+00 -1.00000e+01  0.00000e+00  0.00000e+00  1.41047e+00  1.41047e+00  0.00000e+00
0459  3.93555e-01  1.00000e+00  1.00000e+00 -1.00000e+01  0.00000e+00  0.00000e+00  1.41047e+00  1.41047e+00  0.00000e+00
0460  3.95508e-01  1.00000e+00  1.00000e+00 -1.00000e+01  0.00000e+00  0.00000e+00  1.41047e+00  1.41047e+00  0.00000e+00
0461  3.97461e-01  1.00000e+00  1.00000e+00 -1.00000e+01  0.00000e+00  0.00000e+00  1.41047e+00  1.41047e+00  0.00000e+00
0462  3.99414e-01  1.00000e+00  1.00000e+00 -1.00000e+01  0.00000e+00  0.00000e+00  1.41047e+00  1.41047e+00  0.00000e+00
0463  4.01367e-01  1.00000e+00  1.00000e+00 -1.00000e+01  0.00000e+00  0.00000e+00  1.41047e+00  1.41047e+00  0.00000e+00
0464  4.03320e-01  1.00000e+00  1.00000e+00 -1.00000e+01  0.00000e+00  0.00000e+00  1.41047e+00  1.41047e+00  0.00000e+00
0465  4.05273e-01  1.00000e+00  1.00000e+00 -1.00000e+01  0.00000e+00  0.00000e+00  1.41047e+00  1.41047e+00  0.00000e+00
0466  4.07227e-01  1.00000e+00  1.00000e+00 -1.00000e+01  0.00000e+00  0.00000e+00  1.41047e+00  1.41047e+00  0.00000e+00
0467  4.09180e-01  1.00000e+00  1.00000e+00 -1.00000e+01  0.00000e+00  0.00000e+00  1.41047e+00  1.41047e+00  0.00000e+00
0468  4.11133e-01  1.00000e+00  1.00000e+00 -1.00000e+01  0.00000e+00  0.00000e+00  1.41047e+00  1.41047e+00  0.00000e+00
0469  4.13086e-01  1.00000e+00  1.00000e+00 -1.00000e+01  0.00000e+00  0.00000e+00  1.41047e+00  1.41047e+00  0.00000e+00
0470  4.15039e-01  1.00000e+00  1.00000e+00 -1.00000e+01  0.00000e+00  0.00000e+00  1.41047e+00  1.41047e+00  0.00000e+00
0471  4.16992e-01  1.00000e+00  1.00000e+00 -1.00000e+01  0.00000e+00  0.00000e+00  1.41047e+00  1.41047e+00  0.00000e+00
0472  4.18945e-01  1.00000e+00  1.00000e+00 -1.00000e+01  0.00000e+00  0.00000e+00  1.41047e+00  1.41047e+00  0.00000e+00
0473  4.20898e-01  1.00000e+00  1.00000e+00 -1.00000e+01  0.00000e+00  0.00000e+00  1.41047e+00  1.41047e+00  0.00000e+00
0474  4.22852e-01  1.00000e+00  1.00000e+00 -1.00000e+01  0.00000e+00  0.00000e+00  1.41047e+00  1.41047e+00  0.00000e+00
0475  4.24805e-01  1.00000e+00  1.00000e+00 -1.00000e+01  0.00000e+00  0.00000e+00  1.41047e+00  1.41047e+00  0.00000e+00
0476  4.26758e-01  1.00000e+00  1.00000e+00 -1.00000e+01  0.00000e+00  0.00000e+00  1.41047e+00  1.41047e+00  0.00000e+00
0477  4.28711e-01  1.00000e+00  1.00000e+00 -1.00000e+01  0.00000e+00  0.00000e+00  1.41047e+00  1.41047e+00  0.00000e+00
0478  4.30664e-01  1.00000e+00  1.00000e+00 -1.00000e+01  0.00000e+00  0.00000e+00  1.41047e+00  1.41047e+00  0.00000e+00
0479  4.32617e-01  1.00000e+00  1.00000e+00 -1.00000e+01  0.00000e+00  0.00000e+00  1.41047e+00  1.41047e+00  0.00000e+00
0480  4.34570e-01  1.00000e+00  1.00000e+00 -1.00000e+01  0.00000e+00  0.00000e+00  1.41047e+00  1.41047e+00  0.00000e+00
0481  4.36523e-01  1.00000e+00  1.00000e+00 -1.00000e+01  0.00000e+00  0.00000e+00  1.41047e+00  1.41047e+00  0.00000e+00
0482  4.38477e-01  1.00000e+00  1.00000e+00 -1.00000e+01  0.00000e+00  0.00000e+00  1.41047e+00  1.41047e+00  0.00000e+00
0483  4.40430e-01  1.00000e+00  1.00000e+00 -1.00000e+01  0.00000e+00  0.00000e+00  1.41047e+00  1.41047e+00  0.00000e+00
0484  4.42383e-01  1.00000e+00  1.00000e+00 -1.00000e+01  0.00000e+00  0.00000e+00  1.41047e+00  1.41047e+00  0.00000e+00
0485  4.44336e-01  1.00000e+00  1.00000e+00 -1.00000e+01  0.00000e+00  0.00000e+00  1.41047e+00  1.41047e+00  0.00000e+00
0486  4.46289e-01  1.00000e+00  1.00000e+00 -1.00000e+01  0.00000e+00  0.00000e+00  1.41047e+00  1.41047e+00  0.00000e+00
0487  4.48242e-01  1.00000e+00  1.00000e+00 -1.00000e+01  0.00000e+00  0.00000e+00  1.41047e+00  1.41047e+00  0.00000e+00
0488  4.50195e-01  1.00000e+00  1.00000e+00 -1.00000e+01  0.00000e+00  0.00000e+00  1.41047e+00  1.41047e+00  0.00000e+00
0489  4.52148e-01  1.00000e+00  1.00000e+00 -1.00000e+01  0.00000e+00  0.00000e+00  1.41047e+00  1.41047e+00  0.00000e+00
0490  4.54102e-01  1.00000e+00  1.00000e+00 -1.00000e+01  0.00000e+00  0.00000e+00  1.41047e+00  1.41047e+00  0.00000e+00
0491  4.56055e-01  1.00000e+00  1.00000e+00 -1.00000e+01  0.00000e+00  0.00000e+00  1.41047e+00  1.41047e+00  0.00000e+00
0492  4.58008e-01  1.00000e+00  1.00000e+00 -1.00000e+01  0.00000e+00  0.00000e+00  1.41047e+00  1.41047e+00  0.00000e+00
0493  4.59961e-01  1.00000e+00  1.00000e+00 -1.00000e+01  0.00000e+00  0.00000e+00  1.41047e+00  1.41047e+00  0.00000e+00
0494  4.61914e-01  1.00000e+00  1.00000e+00 -1.00000e+01  0.00000e+00  0.00000e+00  1.41047e+00  1.41047e+00  0.00000e+00
0495  4.63867e-01  1.00000e+00  1.00000e+00 -1.00000e+01  0.00000e+00  0.00000e+00  1.41047e+00  1.41047e+00  0.00000e+00
0496  4.65820e-01  1.00000e+00  1.00000e+00 -1.00000e+01  0.00000e+00  0.00000e+00  1.41047e+00  1.41047e+00  0.00000e+00
0497  4.67773e-01  1.00000e+00  1.00000e+00 -1.00000e+01  0.00000e+00  0.00000e+00  1.41047e+00  1.41047e+00  0.00000e+00
0498  4.69727e-01  1.00000e+00  1.00000e+00 -1.00000e+01  0.00000e+00  0.00000e+00  1.41047e+00  1.41047e+00  0.00000e+00
0499  4.71680e-01  1.00000e+00  1.00000e+00 -1.00000e+01  0.00000e+00  0.00000e+00  1.41047e+00  1.41047e+00  0.00000e+00
0500  4.73633e-01  1.00000e+00  1.00000e+00 -1.00000e+01  0.00000e+00  0.00000e+00  1.41047e+00  1.41047e+00  0.00000e+00
0501  4.75586e-01  1.00000e+00  1.00000e+00 -1.00000e+01  0.00000e+00  0.00000e+00  1.41047e+00  1.41047e+00  0.00000e+00
0502  4.77539e-01  1.00000e+00  1.00000e+00 -1.00000e+01  0.00000e+00  0.00000e+00  1.41047e+00  1.41047e+00  0.00000e+00
0503  4.79492e-01  1.00000e+00  1.00000e+00 -1.00000e+01  0.00000e+00  0.00000e+00  1.41047e+00  1.41047e+00  0.00000e+00
0504  4.81445e-01  1.00000e+00  1.00000e+00 -1.00000e+01  0.00000e+00  0.00000e+00  1.41047e+00  1.41047e+00  0.00000e+00
0505  4.83398e-01  1.00000e+00  1.00000e+00 -1.00000e+01  0.00000e+00  0.00000e+00  1.41047e+00  1.41047e+00  0.00000e+00
0506  4.85352e-01  1.00000e+00  1.00000e+00 -1.00000e+01  0.00000e+00  0.00000e+00  1.41047e+00  1.41047e+00  0.00000e+00
0507  4.87305e-01  1.00000e+00  1.00000e+00 -1.00000e+01  0.00000e+00  0.00000e+00  1.41047e+00  1.41047e+00  0.00000e+00
0508  4.89258e-01  1.00000e+00  1.00000e+00 -1.00000e+01  0.00000e+00  0.00000e+00  1.41047e+00  1.41047e+00  0.00000e+00
0509  4.91211e-01  1.00000e+00  1.00000e+00 -1.00000e+01  0.00000e+00  0.00000e+00  1.41047e+00  1.41047e+00  0.00000e+00
0510  4.93164e-01  1.00000e+00  1.00000e+00 -1.00000e+01  0.00000e+00  0.00000e+00  1.41047e+00  1.41047e+00  0.00000e+00
0511  4.95117e-01  1.00000e+00  1.00000e+00 -1.00000e+01  0.00000e+00  0.00000e+00  1.41047e+00  1.41047e+00  0.00000e+00
0512  4.97070e-01  1.00000e+00  1.00000e+00 -1.00000e+01  0.00000e+00  0.00000e+00  1.41047e+00  1.41047e+00  0.00000e+00
0513  4.99023e-01  1.00000e+00  1.00000e+00 -1.00000e+01  0.00000e+00  0.00000e+00  1.41047e+00  1.41047e+00  0.00000e+00
