   0.0000000000000000                            NaN
   3.0241935553492181E-003                       NaN
   6.0483871107783142E-003                       NaN
   9.0725806662806177E-003                       NaN
   1.2096774221850855E-002                       NaN
   1.5120967777484756E-002                       NaN
   1.8145161333178804E-002                       NaN
   2.1169354888930049E-002                       NaN
   2.4193548444735976E-002                       NaN
   2.7217742000594413E-002                       NaN
   3.0241935556503462E-002                       NaN
   3.3266129112461448E-002                       NaN
   3.6290322668466872E-002                       NaN
   3.9314516224518398E-002                       NaN
   4.2338709780614804E-002                       NaN
   4.5362903336754981E-002                       NaN
   4.8387096892937916E-002                       NaN
   5.1411290449162671E-002                       NaN
   5.4435484005428386E-002                       NaN
   5.7459677561734250E-002                       NaN
   6.0483871118079520E-002                       NaN
   6.3508064674463488E-002                       NaN
   6.6532258230885488E-002                       NaN
   6.9556451787344917E-002                       NaN
   7.2580645343841177E-002                       NaN
   7.5604838900373700E-002                       NaN
   7.8629032456941958E-002                       NaN
   8.1653226013545452E-002                       NaN
   8.4677419570183696E-002                       NaN
   8.7701613126856218E-002                       NaN
   9.0725806683562560E-002                       NaN
   9.3750000240302292E-002                       NaN
   9.6774193797074984E-002                       NaN
   9.9798387353880205E-002                       NaN
  0.10282258091071755                            NaN
  0.10584677446758659                            NaN
  0.10887096802448690                            NaN
  0.11189516158141805                            NaN
  0.11491935513837960                            NaN
  0.11794354869537108                            NaN
  0.12096774225239199                            NaN
  0.12399193580944180                            NaN
  0.12701612936651996                            NaN
  0.13004032292362577                            NaN
  0.13306451648075857                            NaN
  0.13608871003791750                            NaN
  0.13911290359510167                            NaN
  0.14213709715230999                            NaN
  0.14516129070954120                            NaN
  0.14818548426679384                            NaN
  0.15120967782406619                            NaN
  0.15423387138135622                            NaN
  0.15725806493866151                            NaN
  0.16028225849597919                            NaN
  0.16330645205330585                            NaN
  0.16633064561063740                            NaN
  0.16935483916796901                            NaN
  0.17237903272529490                            NaN
  0.17540322606697939                            NaN
  0.17842741896113892                            NaN
  0.18145161133461890                            NaN
  0.18447580301490785                            NaN
  0.18749999380286261                            NaN
  0.19052418364105420                            NaN
  0.19354837247145817                            NaN
  0.19657256023562669                            NaN
  0.19959674679419739                            NaN
  0.20262093184002505                            NaN
  0.20564511531854768                            NaN
  0.20866929717657307                            NaN
  0.21169347736265404                            NaN
  0.21471765580157071                            NaN
  0.21774183243595202                            NaN
  0.22076600721947909                            NaN
  0.22379018011138785                            NaN
  0.22681435107758949                            NaN
  0.22983852009236677                            NaN
  0.23286268714135777                            NaN
  0.23588685221591627                            NaN
  0.23891101526246497                            NaN
  0.24193517629709410                            NaN
  0.24495933534981440                            NaN
  0.24798349246164128                            NaN
  0.25100764769133632                            NaN
  0.25403180106448331                            NaN
  0.25705595257641600                            NaN
  0.26008010227763584                            NaN
  0.26310425025123485                            NaN
  0.26612839656471321                            NaN
  0.26915254120617643                            NaN
  0.27217668415712459                            NaN
  0.27520082544601260                            NaN
  0.27822496509622524                            NaN
  0.28124910315230839                            NaN
  0.28427323955352690                            NaN
  0.28729737432249741                            NaN
  0.29032150749971275                            NaN
  0.29334563909131234                            NaN
  0.29636976911190221                            NaN
  0.29939389753236056                            NaN
  0.30241802430486486                            NaN
  0.30544214948781384                            NaN
  0.30846627314941877                            NaN
  0.31149039534766793                            NaN
  0.31451451613888337                            NaN
  0.31753863549175398                            NaN
  0.32056275341573792                            NaN
  0.32358686997580888                            NaN
  0.32661098525613208                            NaN
  0.32963509935572610                            NaN
  0.33265921237361773                            NaN
  0.33568332425720970                            NaN
  0.33870743511965062                            NaN
  0.34173154507340969                            NaN
  0.34475565423199955                            NaN
  0.34777976267352956                            NaN
  0.35080387038633337                            NaN
  0.35382797724529991                            NaN
  0.35685208325031859                            NaN
  0.35987618850808223                            NaN
  0.36290029302615384                            NaN
  0.36592439686123052                            NaN
  0.36894850013123348                            NaN
  0.37197260294720608                            NaN
  0.37499670541271163                            NaN
  0.37802080751486133                            NaN
  0.38104490930253265                            NaN
  0.38406901086995576                            NaN
  0.38709311232263827                            NaN
  0.39011721376788022                            NaN
  0.39314131530781188                            NaN
  0.39616541679080891                            NaN
  0.39918951812112852                            NaN
  0.40221361939428663                            NaN
  0.40523772070157188                            NaN
  0.40826182212811357                            NaN
  0.41128592373099437                            NaN
  0.41431002550771101                            NaN
  0.41733412755531885                            NaN
  0.42035822996492267                            NaN
  0.42338233282239240                            NaN
  0.42640643583089749                            NaN
  0.42943053907547279                            NaN
  0.43245464265616274                            NaN
  0.43547874666527842                            NaN
  0.43850285119158899                            NaN
  0.44152695620864935                            NaN
  0.44455106155584084                            NaN
  0.44757516733044128                            NaN
  0.45059927360192720                            NaN
  0.45362338032285232                            NaN
  0.45664748757170126                            NaN
  0.45967159528663265                            NaN
  0.46269570341725824                            NaN
  0.46571981199991958                            NaN
  0.46874392112143187                            NaN
  0.47176803086790259                            NaN
  0.47479214111588741                            NaN
  0.47781625186880766                            NaN
  0.48084036322404261                            NaN
  0.48386447509881708                            NaN
  0.48688858758504128                            NaN
  0.48991270078292065                            NaN
  0.49293681479135748                            NaN
  0.49596092949777770                            NaN
  0.49898504499915386                            NaN
